200
62
0
0
0
0
0
0
0
0
0
0
0
0
0
0
0
0
0
0
0
0
0
0
0
0
0
0
0
0
0
0
0
0
0
0
0
0
0
0
0
0
0
0
0
0
0
0
0
0
0
0
0
0
0
0
0
0
0
0
0
0
0
0
0
0
0
0
0
0
0
0
0
0
0
0
0
0
0
0
0
0
0
0
0
0
0
0
0
0
0
0
0
0
0
0
0
0
0
0
0
0
0
0
0
0
0
0
0
0
0
0
0
0
0
0
0
0
0
0
0
0
0
0
0
0
0
0
0
0
0
0
0
0
0
0
0
0
0
0
0
0
0
0
0
0
0
0
0
0
0
0
0
0
0
0
0
0
0
0
0
0
0
0
0
0
0
0
0
0
0
0
0
0
0
0
0
0
0
0
0
0
0
0
0
0
0
0
0
0
0
0
0
0
0
0
0
0
0
0
-62
2847
0 163 7 13
0 146 3 15
0 121 8 68
0 170 1 68
0 159 4 46
0 25 7 19
0 139 7 39
0 5 7 85
0 59 0 35
0 36 6 28
0 155 8 15
0 46 5 69
0 105 6 18
0 108 4 3
0 156 8 24
0 199 500 1045
1 185 7 12
1 183 2 82
1 10 3 15
1 84 1 94
1 82 8 91
1 194 2 3
1 28 2 92
1 88 8 90
1 166 2 13
1 47 3 10
1 91 6 64
1 27 7 2
1 118 5 47
1 20 9 29
1 151 9 93
2 143 3 66
2 97 3 41
2 50 8 19
2 59 4 23
2 8 8 94
2 126 8 39
2 167 6 15
2 70 5 79
2 83 5 37
2 77 5 69
2 96 6 67
2 181 0 64
2 165 5 97
2 112 5 34
3 143 4 67
3 172 9 54
3 9 1 48
3 144 7 52
3 63 2 36
3 83 3 36
3 20 1 23
3 70 6 55
3 7 9 11
3 129 2 85
3 187 3 19
3 93 9 97
3 13 6 79
3 165 3 86
3 18 1 34
4 87 1 2
4 144 5 49
4 109 0 34
4 195 3 68
4 50 4 7
4 139 4 58
4 20 3 20
4 106 0 15
4 126 6 81
4 127 6 23
4 28 5 68
4 113 6 31
4 189 9 66
4 55 0 0
4 66 0 95
5 35 4 33
5 119 3 9
5 46 3 2
5 14 8 60
5 16 3 42
5 39 0 25
5 2 9 73
5 79 3 86
5 67 1 0
5 45 8 21
5 105 2 99
5 40 7 34
5 107 5 38
6 81 4 45
6 95 1 47
6 67 9 58
6 153 8 86
6 77 0 21
6 8 9 2
6 17 9 54
6 28 5 40
6 161 8 81
6 118 3 53
6 64 6 38
6 196 2 45
6 122 9 6
6 47 7 87
6 193 8 63
7 42 3 29
7 38 3 13
7 55 1 68
7 152 5 67
7 36 5 53
7 84 8 58
7 85 7 99
7 45 0 24
7 26 3 28
7 21 6 61
7 128 7 86
7 113 0 93
8 128 9 0
8 52 9 44
8 26 7 90
8 155 6 1
8 94 1 97
8 150 8 66
8 36 1 70
8 75 5 0
8 120 1 94
8 109 9 85
8 106 0 81
8 96 7 37
8 49 1 11
8 146 1 1
8 164 6 12
8 7 5 3
8 176 1 83
8 6 9 17
8 192 4 20
8 5 8 74
9 121 9 38
9 155 8 90
9 139 0 3
9 28 8 74
9 119 6 63
9 106 5 42
9 196 6 82
9 118 8 47
9 179 0 12
9 11 2 85
9 86 7 21
9 29 5 70
9 183 8 58
9 105 2 90
9 143 1 94
10 157 3 18
10 173 9 95
10 16 4 49
10 37 8 29
10 70 9 13
10 7 9 49
10 177 4 89
10 77 0 10
10 99 1 43
10 65 4 7
10 161 4 28
10 178 9 72
10 199 8 52
11 156 4 96
11 94 3 0
11 56 5 34
11 198 6 46
11 96 8 15
11 44 1 63
11 152 6 14
11 186 5 99
11 110 5 28
11 187 7 19
11 100 8 35
12 134 0 0
12 14 9 24
12 123 7 60
12 24 9 44
12 25 3 8
12 113 1 42
12 186 3 71
12 146 5 76
12 56 0 20
12 80 9 11
12 188 5 5
12 165 2 47
13 137 7 2
13 131 5 32
13 94 2 79
13 136 2 99
13 7 1 26
13 176 2 31
13 180 6 12
13 105 0 67
13 89 5 69
13 121 8 76
13 98 4 50
13 39 6 3
13 158 5 88
13 127 6 76
13 27 0 9
13 181 6 42
14 118 3 7
14 93 1 9
14 33 0 78
14 104 9 54
14 165 2 78
14 68 6 77
14 131 2 77
14 45 5 81
14 107 8 11
14 85 2 97
14 95 3 61
14 80 4 79
14 124 0 47
14 8 3 11
14 37 9 16
14 18 6 7
14 30 3 59
14 179 5 79
14 21 0 54
15 116 8 44
15 93 4 6
15 4 2 90
15 132 2 71
15 74 5 1
15 124 4 9
15 85 3 49
15 181 8 66
15 39 8 52
15 18 5 47
15 130 3 56
15 183 4 5
15 108 9 95
15 154 9 69
15 43 4 44
15 152 7 98
16 196 5 49
16 144 1 89
16 6 5 59
16 106 1 66
16 156 3 21
16 190 4 45
16 126 9 21
16 3 6 55
16 176 8 73
16 93 7 50
16 108 1 10
16 30 1 26
16 75 9 17
17 4 9 8
17 90 1 53
17 7 6 79
17 27 2 67
17 187 1 52
17 152 5 34
17 69 1 56
17 179 6 47
17 8 4 22
17 92 8 7
18 126 8 13
18 106 8 11
18 195 9 43
18 8 0 34
18 147 1 41
18 108 5 99
18 167 2 0
18 178 5 78
18 3 8 87
18 122 6 10
18 101 4 95
18 123 2 38
18 81 2 3
18 12 2 41
18 9 2 75
18 187 1 71
18 149 1 47
18 74 3 83
19 103 4 87
19 12 0 75
19 5 5 42
19 47 5 86
19 122 5 85
19 17 4 6
19 140 6 87
19 23 3 6
19 10 1 95
19 134 5 55
19 161 8 1
19 151 8 40
19 194 8 3
19 158 8 89
19 66 1 7
19 167 3 35
19 73 8 9
19 99 2 58
19 186 3 33
19 89 9 31
20 23 3 53
20 105 3 38
20 19 6 94
20 165 3 92
20 9 6 96
20 147 1 48
20 41 3 26
20 3 5 54
20 89 4 22
20 135 1 77
20 59 1 5
20 4 5 34
20 164 1 24
20 119 4 60
20 96 9 24
21 161 8 93
21 152 9 92
21 28 2 36
21 121 1 24
21 150 3 48
21 170 8 5
21 18 9 57
21 6 8 51
21 119 1 6
21 19 5 17
21 129 4 50
21 171 2 19
21 106 5 58
21 149 4 49
22 27 2 39
22 72 3 16
22 174 2 34
22 185 3 1
22 141 1 2
22 36 4 7
22 67 9 43
22 31 7 40
22 119 7 57
22 124 4 35
22 69 8 87
22 88 7 98
22 6 9 60
23 189 3 13
23 46 6 70
23 137 7 57
23 28 7 51
23 22 5 15
23 185 5 3
23 157 3 29
23 37 8 63
23 1 1 37
23 3 8 93
23 15 7 86
24 51 5 62
24 37 2 7
24 26 3 46
24 3 8 86
24 84 1 71
24 87 6 66
24 4 1 38
24 48 5 84
24 109 4 71
24 27 3 30
24 159 0 30
24 174 5 26
24 22 8 19
25 120 5 48
25 119 5 75
25 157 9 83
25 121 4 90
25 165 7 54
25 91 0 82
25 189 6 14
25 43 0 97
25 62 5 61
25 122 2 98
25 28 6 10
25 163 0 91
25 102 3 95
25 151 4 3
25 17 7 38
25 177 7 82
25 170 0 48
26 132 6 47
26 170 5 84
26 4 5 74
26 53 2 76
26 121 5 38
26 17 9 6
26 59 5 93
26 145 1 82
26 74 2 7
26 95 6 28
26 135 7 17
26 16 9 59
27 73 9 72
27 180 6 48
27 179 2 50
27 148 4 87
27 70 8 84
27 167 7 0
27 17 8 96
27 178 3 80
27 14 0 87
27 76 8 85
27 25 5 65
27 21 2 70
27 8 8 43
27 188 3 54
28 76 2 49
28 63 7 40
28 66 7 76
28 38 2 72
28 151 0 24
28 104 6 12
28 144 2 39
28 52 1 37
28 61 5 31
28 177 6 33
28 110 2 86
28 31 1 14
28 169 5 1
28 41 6 77
29 10 7 6
29 112 3 8
29 185 0 33
29 162 8 32
29 190 7 99
29 176 6 61
29 182 2 20
29 7 3 24
29 91 5 8
29 49 2 92
29 18 3 99
29 82 9 17
29 44 3 61
29 72 2 59
29 0 1 63
29 24 4 30
29 75 9 26
30 136 6 44
30 27 7 9
30 190 4 53
30 72 1 54
30 47 9 4
30 145 9 73
30 120 5 29
30 87 0 96
30 82 3 46
30 21 6 14
30 99 6 41
30 29 5 61
30 75 8 28
31 137 9 81
31 100 0 93
31 98 1 2
31 28 1 26
31 131 9 11
31 12 2 56
31 43 0 1
31 40 8 93
31 18 0 88
31 72 4 57
31 192 1 82
31 107 1 29
31 4 6 97
31 181 4 15
31 176 9 34
32 122 6 26
32 13 8 89
32 161 4 27
32 91 0 73
32 40 1 80
32 155 2 48
32 191 8 91
32 69 5 60
32 154 4 40
32 39 4 72
32 100 0 64
32 88 1 24
32 60 2 1
32 109 0 0
32 175 7 82
32 105 8 29
32 121 6 70
33 51 1 58
33 5 4 71
33 101 1 38
33 6 2 38
33 147 8 45
33 81 3 33
33 89 0 49
33 15 1 32
33 44 9 89
33 24 5 36
33 73 4 36
33 52 8 7
33 25 7 19
33 187 7 90
33 136 5 53
33 100 0 90
33 188 3 74
33 193 7 70
33 152 3 89
34 143 9 44
34 141 4 57
34 93 0 0
34 38 1 87
34 103 2 14
34 124 6 41
34 77 2 56
34 136 2 84
34 78 7 49
34 92 1 73
34 79 6 67
34 145 1 45
34 86 0 98
34 42 6 3
35 43 3 73
35 127 3 61
35 29 2 94
35 16 5 91
35 129 8 27
35 179 0 95
35 196 1 30
35 170 8 3
35 83 9 67
35 46 9 11
35 189 5 44
35 136 6 62
35 10 1 28
35 190 6 54
35 57 4 66
35 150 5 9
35 79 5 15
36 12 1 94
36 139 5 53
36 186 7 87
36 35 9 47
36 2 6 51
36 23 0 14
36 65 4 18
36 46 2 5
36 22 5 21
36 173 9 33
36 40 8 85
36 31 1 33
36 81 8 59
36 151 4 25
36 63 0 72
36 112 3 44
37 11 0 83
37 45 0 83
37 15 7 95
37 174 9 81
37 151 5 13
37 30 2 13
37 68 5 34
37 19 8 95
37 128 4 1
37 191 6 3
37 52 1 38
38 117 7 40
38 160 8 66
38 151 7 58
38 166 2 52
38 66 1 90
38 142 0 87
38 81 1 16
38 131 7 24
38 186 5 24
38 187 1 15
38 53 1 15
38 108 8 54
38 137 6 49
38 91 1 95
39 30 1 7
39 7 1 45
39 161 6 69
39 162 7 24
39 31 6 0
39 117 3 75
39 100 9 64
39 126 4 92
39 185 2 99
39 52 7 45
39 176 0 61
39 44 0 40
39 76 3 22
39 155 3 95
39 120 5 72
40 187 4 45
40 188 0 37
40 116 3 63
40 106 5 47
40 107 2 34
40 124 1 8
40 160 4 44
40 183 3 61
40 7 8 77
40 108 8 89
40 161 1 40
40 92 1 79
40 26 7 92
40 31 0 21
41 159 3 13
41 94 0 5
41 145 7 12
41 193 9 32
41 182 4 53
41 10 8 13
41 168 0 57
41 86 4 93
41 187 6 22
41 77 1 43
41 9 5 58
41 75 5 69
42 74 3 7
42 160 3 70
42 109 0 80
42 170 9 61
42 152 4 99
42 108 8 88
42 120 4 77
42 18 6 30
42 95 5 56
42 35 0 20
43 169 4 60
43 4 3 31
43 113 7 38
43 176 2 49
43 57 4 48
43 19 8 56
43 184 9 2
43 96 5 15
43 143 5 58
43 165 9 25
43 103 7 88
43 52 6 54
43 109 2 3
43 117 4 84
43 186 8 20
44 97 3 69
44 62 0 85
44 137 0 45
44 111 7 29
44 83 4 62
44 102 1 90
44 81 5 12
44 161 4 74
45 10 8 93
45 42 7 0
45 69 0 61
45 163 0 98
45 99 5 35
45 165 2 86
45 119 2 27
45 169 5 23
45 143 2 30
45 131 4 25
46 40 4 96
46 184 1 71
46 172 7 40
46 49 6 40
46 68 9 7
46 66 9 23
46 62 4 69
46 26 7 51
46 98 9 26
46 2 8 67
46 161 6 99
46 154 5 34
46 9 8 13
46 39 2 87
46 174 6 59
47 145 6 89
47 70 1 85
47 93 7 98
47 180 0 50
47 178 3 58
47 71 6 11
47 86 8 35
47 146 1 65
47 148 4 24
47 62 2 79
47 173 2 57
47 32 7 86
47 67 3 87
47 38 7 78
48 16 9 13
48 126 5 61
48 156 2 2
48 74 5 9
48 161 4 4
48 78 8 76
48 102 5 77
48 67 1 34
48 128 9 32
48 15 4 21
48 81 5 21
48 51 0 63
48 63 1 51
48 168 4 2
48 26 6 83
48 104 9 80
49 177 3 55
49 141 4 67
49 7 0 3
49 168 2 65
49 196 1 83
49 79 7 12
49 27 1 5
49 127 9 45
49 95 5 53
49 91 5 2
50 32 9 51
50 83 5 40
50 121 1 93
50 151 0 21
50 169 8 85
50 161 0 86
50 70 6 31
50 108 9 62
50 53 7 94
50 197 1 86
50 18 7 31
50 115 7 12
50 165 8 50
50 189 2 76
50 164 5 86
50 78 8 53
51 15 8 19
51 65 1 1
51 57 0 43
51 32 8 84
51 199 7 60
51 120 9 31
51 160 7 99
51 18 4 25
51 155 5 89
51 138 8 97
51 22 7 92
51 42 3 71
52 191 0 37
52 181 5 84
52 63 9 7
52 34 2 84
52 55 6 37
52 49 5 12
52 148 0 19
52 153 9 77
52 35 7 45
52 110 1 15
53 18 2 81
53 198 7 29
53 96 3 92
53 14 1 82
53 23 7 58
53 13 9 22
53 169 7 36
53 131 3 8
53 101 8 28
53 35 2 88
53 86 7 26
53 45 9 11
53 191 2 60
53 1 5 97
53 94 0 61
53 175 6 15
53 163 2 93
54 53 8 56
54 65 3 91
54 194 2 45
54 156 8 42
54 76 5 69
54 40 2 20
54 35 6 61
54 178 3 18
54 152 6 49
54 115 3 50
54 154 4 18
54 74 4 29
54 15 5 50
54 128 9 78
54 3 5 15
54 167 9 30
55 137 5 76
55 24 9 17
55 88 1 70
55 168 3 2
55 155 8 87
55 80 2 97
55 38 6 96
55 44 2 9
55 173 1 43
55 162 1 91
55 150 9 36
55 192 1 40
56 161 7 38
56 14 5 26
56 176 2 53
56 45 9 1
56 168 6 12
56 5 2 7
56 88 0 63
56 89 3 26
56 22 1 44
56 87 9 51
56 17 5 47
56 112 6 49
56 63 5 51
57 145 6 84
57 129 2 86
57 77 5 78
57 172 5 54
57 69 8 17
57 66 3 85
57 115 7 50
57 91 2 90
57 157 4 13
57 111 5 43
57 80 1 19
57 14 3 11
57 82 3 87
58 76 8 26
58 4 0 83
58 167 9 53
58 53 8 31
58 192 5 74
58 156 8 35
58 168 7 32
58 123 1 12
58 103 8 65
58 54 1 41
58 111 4 30
58 143 9 73
58 193 8 35
58 70 6 29
59 88 3 53
59 75 1 47
59 162 4 76
59 46 1 70
59 139 7 16
59 122 6 25
59 106 3 54
59 29 7 17
59 67 0 94
59 31 8 92
59 47 9 61
59 116 2 22
59 165 5 10
59 120 1 70
59 126 0 49
60 196 8 83
60 170 6 95
60 106 4 54
60 65 9 40
60 94 0 16
60 16 8 87
60 100 6 43
60 2 3 29
60 49 7 63
60 194 0 29
60 161 3 1
60 119 7 24
60 134 1 99
60 115 0 6
60 178 8 71
60 68 4 1
60 31 0 84
61 150 6 71
61 26 0 82
61 125 5 42
61 57 4 68
61 181 9 32
61 117 2 23
61 42 9 38
61 56 1 76
61 107 9 39
61 153 9 70
61 76 4 32
61 66 0 43
61 130 2 1
61 167 3 13
61 132 1 8
62 195 4 13
62 23 5 6
62 156 8 79
62 4 6 61
62 61 4 2
62 69 9 10
62 11 4 95
62 24 4 97
62 70 9 42
62 176 7 83
62 108 1 99
62 84 7 20
62 186 9 41
62 44 4 2
62 184 3 0
62 167 3 31
63 176 4 70
63 34 0 96
63 44 5 55
63 65 2 30
63 5 2 46
63 43 7 43
63 185 7 3
63 104 8 22
63 57 3 8
63 121 8 66
63 89 9 82
63 113 4 44
63 68 8 12
63 51 9 52
64 194 7 89
64 6 8 40
64 74 4 63
64 51 5 64
64 103 4 57
64 199 3 24
64 162 9 33
64 104 4 50
64 81 8 44
64 122 2 2
64 131 0 88
64 169 7 70
64 71 8 40
64 8 0 36
65 170 1 99
65 102 7 76
65 27 4 92
65 121 6 15
65 47 7 42
65 109 5 59
65 149 0 81
65 143 9 41
65 68 7 36
65 137 9 75
65 181 1 68
65 36 5 82
65 123 8 2
66 12 7 86
66 94 7 25
66 169 0 6
66 153 7 85
66 60 0 25
66 7 0 95
66 143 3 17
66 93 7 48
66 132 8 15
66 157 7 27
66 64 2 94
66 101 4 37
66 27 8 7
66 83 9 21
66 54 5 26
66 2 1 8
66 170 4 89
66 85 1 38
66 44 6 36
67 72 1 90
67 21 8 47
67 60 1 95
67 153 0 44
67 96 1 31
67 84 6 27
67 174 1 0
67 190 4 11
67 184 1 64
67 135 6 34
67 171 1 81
67 25 0 94
68 60 7 8
68 135 3 96
68 128 0 64
68 142 9 35
68 2 1 68
68 54 9 85
68 161 1 2
68 66 8 84
68 133 1 10
68 107 9 62
68 24 3 67
68 105 2 80
68 92 6 62
68 33 6 8
68 187 8 57
68 47 6 28
68 141 1 50
68 156 5 25
68 175 0 69
68 63 4 39
69 28 4 74
69 59 6 65
69 53 9 2
69 8 6 96
69 44 4 89
69 174 2 55
69 0 0 52
69 60 2 4
69 18 1 66
69 22 2 87
70 21 7 92
70 0 0 38
70 126 7 62
70 73 8 34
70 3 3 67
70 90 4 75
70 30 5 95
70 69 0 99
70 5 4 39
70 195 0 86
70 157 5 56
70 110 2 12
70 96 5 60
70 106 3 87
70 136 7 97
70 6 9 43
70 45 7 68
70 137 8 26
71 65 4 42
71 33 1 37
71 129 7 56
71 149 4 24
71 75 1 40
71 62 7 52
71 141 6 61
71 34 7 57
71 146 2 42
71 152 1 18
71 4 5 54
71 79 8 16
71 136 0 69
71 46 9 99
72 24 2 9
72 33 1 66
72 87 6 10
72 137 6 41
72 153 4 73
72 74 3 95
72 29 8 64
72 118 6 4
72 17 8 6
72 112 2 38
72 30 0 87
72 133 4 31
72 106 9 95
72 102 0 15
72 122 9 82
72 162 1 46
72 160 5 82
72 99 8 31
72 145 0 67
72 192 2 29
72 7 0 9
73 31 9 45
73 102 1 73
73 84 2 41
73 116 6 94
73 169 6 92
73 139 9 42
73 91 1 13
73 89 5 45
73 162 9 27
73 155 7 76
73 8 4 60
73 28 6 58
73 81 7 49
73 181 8 67
73 175 1 98
73 189 0 35
73 165 1 42
73 41 5 85
74 122 5 68
74 72 6 90
74 64 8 18
74 45 7 54
74 66 5 73
74 12 3 81
74 63 6 47
74 5 5 40
74 166 3 20
74 187 8 67
74 41 4 53
74 111 6 78
74 3 9 30
74 153 0 87
74 155 6 40
75 95 6 7
75 0 4 88
75 178 8 13
75 8 1 5
75 148 6 64
75 140 4 9
75 143 1 52
75 12 3 83
75 145 0 81
75 69 1 39
75 66 7 56
75 14 0 49
75 175 5 38
75 58 4 8
75 85 9 31
75 57 8 93
75 28 7 9
76 51 7 79
76 25 0 70
76 186 1 5
76 132 0 55
76 148 4 87
76 68 5 64
76 88 8 29
76 87 7 32
76 114 0 20
76 128 2 49
76 160 2 16
76 84 4 1
76 168 5 61
76 49 4 8
76 177 1 61
77 163 5 83
77 35 7 0
77 111 7 56
77 10 2 72
77 174 5 21
77 124 9 37
77 32 2 1
77 86 0 18
77 75 5 30
77 115 5 30
77 36 9 69
77 81 0 47
77 167 7 12
78 92 4 1
78 33 2 57
78 63 8 84
78 95 4 41
78 54 6 83
78 38 9 47
78 169 5 83
78 141 1 67
78 104 8 13
78 146 2 41
78 129 6 37
78 82 5 82
78 94 4 84
78 46 5 17
79 81 3 28
79 117 1 30
79 7 6 14
79 127 4 46
79 163 1 25
79 47 0 81
79 57 4 45
79 58 3 34
79 159 6 70
79 109 5 24
79 23 1 26
79 59 8 89
79 124 0 89
80 36 6 48
80 125 9 15
80 19 5 27
80 107 6 38
80 113 0 9
80 189 7 30
80 149 5 52
80 78 0 4
80 126 7 5
80 94 3 74
80 86 2 59
80 3 5 38
80 13 3 5
80 141 2 83
80 137 6 33
80 76 4 4
81 5 1 1
81 56 4 45
81 47 5 64
81 101 9 59
81 150 7 40
81 95 4 36
81 116 0 2
81 100 8 87
81 178 6 84
81 37 6 11
81 16 4 33
81 107 4 26
81 183 4 94
81 61 5 86
81 103 1 1
81 185 0 14
82 114 2 98
82 192 5 64
82 87 5 32
82 109 9 49
82 147 4 80
82 17 7 92
82 52 5 72
82 119 2 21
82 45 1 35
82 169 7 90
82 61 1 75
82 107 0 82
82 34 6 52
82 126 1 15
82 165 7 29
82 19 9 47
82 32 8 10
83 54 2 39
83 101 6 90
83 188 5 52
83 21 4 57
83 133 6 63
83 140 8 75
83 88 8 34
83 50 2 18
83 187 1 57
83 64 7 96
83 81 8 53
83 45 1 3
83 116 7 83
84 65 5 70
84 29 4 90
84 139 9 32
84 94 5 62
84 104 9 23
84 126 1 38
84 190 2 54
84 43 8 44
84 72 5 27
84 63 6 56
84 90 9 18
84 38 6 89
84 53 6 51
84 188 9 70
84 172 7 88
84 125 7 99
85 89 9 0
85 7 7 58
85 134 5 76
85 71 4 65
85 73 2 24
85 48 5 29
85 9 0 49
85 18 8 63
85 129 9 71
85 95 3 81
86 113 3 42
86 182 3 2
86 83 9 87
86 99 9 68
86 165 1 19
86 189 8 14
86 97 4 83
86 91 6 78
86 145 2 67
86 53 5 78
86 92 8 11
86 10 0 71
86 95 3 46
86 73 9 58
86 170 1 46
86 31 7 98
87 51 2 65
87 68 9 9
87 14 2 50
87 175 4 16
87 90 4 70
87 7 7 84
87 73 8 93
87 137 0 84
87 151 1 12
87 75 7 40
87 28 0 39
87 79 9 21
87 163 1 32
88 190 2 95
88 67 4 78
88 84 1 59
88 164 7 9
88 152 8 22
88 100 5 98
88 8 4 80
88 107 0 91
88 5 7 67
88 134 4 86
88 154 4 82
88 179 8 96
89 49 8 79
89 68 4 40
89 14 7 68
89 197 4 65
89 9 7 81
89 16 6 79
89 45 6 51
89 138 6 5
89 41 9 65
89 123 2 42
89 79 0 38
89 59 5 11
89 88 8 22
89 87 9 53
90 4 3 29
90 52 4 45
90 9 9 32
90 85 1 76
90 100 5 50
90 146 7 13
90 166 0 4
90 73 3 14
90 98 7 35
90 40 1 96
90 180 0 45
90 111 1 49
90 105 2 59
90 190 7 72
90 168 6 96
90 138 8 75
90 87 1 15
91 44 0 90
91 5 8 28
91 54 2 60
91 195 9 70
91 63 3 78
91 6 4 52
91 146 0 54
91 122 0 82
91 33 3 1
91 163 6 44
91 142 7 27
91 101 5 93
91 105 1 93
91 90 6 69
91 138 1 42
91 139 5 31
91 184 9 10
92 162 5 88
92 184 5 80
92 61 1 88
92 36 2 99
92 125 8 72
92 196 8 64
92 28 7 71
92 48 7 43
92 170 4 96
92 10 8 51
92 83 3 32
92 100 3 21
92 123 0 72
93 133 7 22
93 76 3 0
93 2 8 4
93 186 0 87
93 108 4 90
93 180 0 99
93 78 4 88
93 175 8 97
93 6 5 99
93 157 2 47
93 106 0 53
93 73 5 64
94 32 1 51
94 131 9 64
94 129 4 45
94 44 3 52
94 98 3 86
94 73 1 19
94 153 5 30
94 85 4 81
94 81 6 69
94 83 6 13
94 88 8 38
94 133 6 45
94 181 9 22
94 12 6 76
94 145 3 27
94 39 2 21
95 37 2 90
95 184 3 42
95 63 8 74
95 39 0 36
95 160 1 18
95 71 0 68
95 72 8 49
95 166 2 80
95 141 1 2
95 29 3 33
95 199 7 30
95 115 0 13
95 177 8 17
95 98 0 26
95 154 6 90
95 192 0 6
95 27 3 77
96 10 8 47
96 175 2 26
96 22 9 24
96 118 6 35
96 54 2 78
96 34 8 6
96 162 5 78
96 88 0 50
96 64 4 19
96 195 4 86
96 12 9 86
96 170 2 66
96 135 8 78
96 141 8 30
96 125 6 77
97 30 6 35
97 138 6 91
97 17 8 73
97 159 5 54
97 60 7 90
97 195 2 64
97 156 2 21
97 56 1 89
97 65 3 82
97 197 3 86
97 187 0 58
97 103 9 43
97 176 5 14
97 165 2 97
97 61 5 10
97 122 0 43
98 162 9 45
98 72 3 54
98 181 7 32
98 53 2 77
98 46 4 28
98 49 4 86
98 118 5 60
98 44 4 47
98 173 4 57
98 27 9 76
98 137 3 94
98 64 2 28
99 119 9 83
99 90 1 30
99 36 5 93
99 8 2 58
99 173 7 15
99 41 4 22
99 31 9 24
99 85 6 80
99 70 1 21
99 43 6 46
99 167 0 55
99 146 2 54
99 65 7 71
100 195 9 7
100 42 6 47
100 97 3 49
100 52 2 95
100 32 2 6
100 99 0 27
100 6 4 45
100 7 5 94
100 155 1 11
100 82 3 45
100 161 6 69
100 196 7 95
100 19 5 40
100 75 1 49
100 180 6 70
100 143 0 84
101 51 9 20
101 38 2 54
101 134 9 52
101 99 2 66
101 13 1 1
101 109 1 48
101 15 0 73
101 100 4 2
101 27 5 61
101 148 0 65
101 149 8 57
101 57 7 40
101 158 2 51
102 23 8 27
102 157 5 35
102 74 5 13
102 27 3 77
102 0 9 28
102 148 7 41
102 113 7 80
102 48 9 77
102 76 4 61
102 175 9 8
102 130 3 6
102 66 3 84
102 184 1 12
103 129 0 78
103 12 4 57
103 148 6 23
103 197 6 54
103 35 7 9
103 137 3 60
103 14 0 44
103 176 3 69
103 38 4 53
103 47 6 67
103 145 1 17
103 136 9 98
104 182 4 27
104 38 2 12
104 44 3 63
104 101 1 29
104 70 6 80
104 57 5 18
104 3 8 0
104 49 0 21
104 48 9 43
104 140 7 37
104 173 6 5
104 43 1 83
104 47 4 26
104 69 2 29
104 83 8 54
105 70 7 49
105 120 7 58
105 163 7 47
105 100 5 10
105 53 8 16
105 11 3 33
105 27 0 92
105 171 7 71
105 193 3 72
105 108 9 55
105 152 4 88
105 92 3 20
105 71 3 78
105 167 4 22
106 35 9 18
106 123 3 95
106 111 0 36
106 114 5 91
106 37 4 95
106 88 1 83
106 5 1 53
106 124 6 56
106 119 9 19
106 199 2 48
106 49 6 84
106 159 2 8
106 126 2 52
106 9 3 18
106 51 1 71
106 4 5 47
106 132 4 43
106 158 5 35
106 13 9 5
107 161 5 67
107 131 8 98
107 183 2 50
107 70 0 90
107 144 4 31
107 123 4 58
107 35 9 36
107 133 1 83
107 80 9 27
107 11 5 53
107 52 6 87
107 86 7 99
107 140 3 98
107 41 5 19
107 20 6 84
107 174 1 24
108 170 1 54
108 6 4 12
108 67 5 38
108 86 1 49
108 90 7 60
108 0 7 21
108 118 6 29
108 14 0 10
108 115 8 41
108 35 8 24
108 101 8 3
108 174 5 53
108 119 2 56
108 23 1 2
108 4 9 88
108 165 8 39
108 7 3 60
109 158 8 0
109 134 1 88
109 189 5 5
109 143 7 1
109 120 8 4
109 176 1 77
109 31 6 12
109 70 5 45
109 82 5 65
109 22 9 34
109 127 4 23
109 180 4 31
109 136 3 62
109 113 5 49
109 126 7 49
109 37 7 61
110 53 3 42
110 197 6 46
110 96 8 52
110 158 1 27
110 152 7 4
110 162 4 72
110 26 7 63
110 120 0 84
110 151 4 91
110 103 4 95
110 39 9 38
110 163 9 33
110 130 0 23
110 145 4 73
110 135 0 41
110 80 1 25
111 124 7 90
111 13 9 38
111 37 9 7
111 130 9 50
111 95 6 30
111 160 0 15
111 52 4 67
111 94 5 66
111 22 9 87
112 40 4 22
112 110 3 8
112 82 9 76
112 78 2 80
112 87 4 84
112 181 5 67
112 193 7 66
112 170 3 89
113 130 8 6
113 170 0 11
113 11 5 36
113 131 6 64
113 12 2 74
113 145 0 61
113 135 0 35
113 159 9 17
113 6 2 16
113 164 9 62
113 28 7 93
113 89 7 43
113 124 6 34
113 94 5 8
114 29 1 50
114 171 2 62
114 66 6 70
114 152 2 85
114 161 4 17
114 166 5 76
114 179 3 48
114 41 4 15
114 24 4 16
114 74 2 17
114 138 3 11
114 0 9 30
114 25 2 94
114 2 3 52
114 106 0 69
114 118 3 30
114 48 4 44
114 159 8 11
114 105 2 34
115 69 7 43
115 192 6 77
115 32 4 34
115 78 2 48
115 155 4 88
115 23 0 33
115 174 5 6
115 195 9 48
116 149 6 73
116 21 0 30
116 115 7 52
116 104 4 54
116 140 1 86
116 126 9 74
116 199 4 20
116 29 3 40
116 154 1 17
116 87 8 47
117 5 8 84
117 54 5 79
117 75 4 74
117 173 6 24
117 40 8 67
117 45 6 75
117 116 6 53
117 137 7 19
117 43 8 41
117 167 9 20
117 134 4 38
117 162 9 8
117 52 1 49
117 95 1 76
117 157 9 65
117 163 2 58
117 176 8 33
117 73 3 74
117 145 7 61
117 183 1 40
118 193 1 54
118 92 9 64
118 152 8 96
118 113 3 18
118 153 7 43
118 36 2 88
118 46 9 39
118 146 6 18
118 109 0 77
118 73 6 9
118 110 0 39
118 20 4 17
118 163 1 33
118 81 0 44
118 59 3 25
119 36 4 93
119 192 6 45
119 7 1 96
119 140 2 56
119 117 4 72
119 152 3 26
119 22 0 68
119 54 1 40
119 134 0 97
119 176 7 44
119 148 0 69
119 41 9 51
119 34 0 63
119 87 0 16
119 30 7 14
119 49 1 64
120 5 6 53
120 7 1 26
120 27 5 6
120 63 0 37
120 65 9 2
120 105 5 48
120 100 6 47
120 198 3 49
120 0 1 6
120 101 1 69
120 36 8 23
121 162 3 65
121 111 5 98
121 145 2 44
121 110 6 53
121 47 0 85
121 191 1 49
121 129 1 85
121 14 9 99
121 135 5 66
121 175 8 69
121 199 0 93
121 147 1 94
122 128 2 32
122 22 7 91
122 11 7 17
122 44 4 21
122 178 1 3
122 71 1 69
122 109 7 77
122 99 6 39
122 139 5 99
122 56 7 86
122 25 3 71
122 137 2 79
122 161 4 75
122 62 5 12
123 172 5 69
123 71 3 58
123 10 9 43
123 179 4 28
123 62 4 52
123 86 5 20
123 100 1 68
123 150 1 21
123 77 6 17
123 130 6 94
123 7 0 72
123 52 9 67
123 72 1 0
124 45 9 96
124 8 2 98
124 180 1 86
124 29 8 6
124 130 0 30
124 161 1 46
124 149 5 12
124 196 7 31
124 168 8 81
124 76 5 61
124 188 1 0
125 164 0 10
125 114 6 72
125 112 5 0
125 120 1 25
125 81 1 99
125 170 2 81
125 9 2 82
125 42 1 68
125 67 8 67
125 166 2 2
125 45 4 86
125 78 3 35
125 102 2 17
125 64 7 77
125 70 5 55
125 58 3 70
126 79 7 9
126 169 3 58
126 183 9 85
126 12 4 73
126 72 6 99
126 76 6 50
126 37 1 2
126 0 7 56
126 117 9 47
126 19 2 22
126 170 1 81
126 106 0 75
126 81 9 56
126 61 9 66
126 57 8 15
127 31 9 41
127 74 2 7
127 30 7 43
127 54 3 22
127 169 4 33
127 153 1 6
127 79 0 86
127 84 6 98
127 28 0 50
127 191 8 59
127 20 2 55
127 36 2 85
128 98 0 62
128 142 1 17
128 99 6 2
128 107 6 77
128 191 7 30
128 41 0 76
128 1 1 94
128 155 8 30
128 84 7 38
128 147 3 83
128 27 4 88
128 93 7 27
129 11 7 71
129 49 2 21
129 71 3 77
129 32 7 97
129 111 0 36
129 119 7 73
129 85 1 40
129 29 2 51
129 188 5 50
129 65 5 44
129 37 9 32
129 34 1 72
129 162 4 48
129 187 9 11
129 27 8 23
129 69 5 24
130 172 7 96
130 124 1 90
130 110 8 31
130 187 3 25
130 112 6 10
130 43 4 80
130 40 5 16
130 199 0 22
130 35 2 64
130 145 7 88
130 65 4 59
130 191 5 28
130 78 6 6
130 119 1 61
131 24 5 14
131 188 1 91
131 147 4 56
131 23 9 70
131 151 7 74
131 42 6 8
131 4 0 44
131 8 5 85
131 178 7 63
131 38 2 90
131 85 8 32
131 129 6 60
131 15 5 17
131 133 3 1
132 127 1 61
132 154 1 37
132 118 5 34
132 78 2 39
132 147 2 13
132 8 4 13
132 145 2 36
132 90 8 9
132 76 7 4
132 167 6 76
132 181 0 34
132 152 8 89
132 34 4 94
132 189 6 78
132 52 8 20
132 95 7 68
132 99 5 4
132 128 8 25
133 49 2 44
133 191 9 44
133 127 2 76
133 63 3 99
133 109 1 56
134 137 3 26
134 167 9 15
134 59 6 38
134 97 4 97
134 139 2 99
134 120 2 98
134 174 2 65
134 150 6 17
134 24 9 35
134 103 5 79
134 172 9 37
134 113 3 69
134 107 0 78
134 76 2 84
135 153 9 83
135 124 4 54
135 12 1 12
135 198 5 51
135 4 5 14
135 28 0 50
135 113 7 91
135 77 9 17
135 180 6 7
135 118 9 36
135 24 2 30
135 13 2 18
135 134 7 9
136 156 7 62
136 85 7 69
136 162 0 87
136 121 6 26
136 0 6 18
136 119 6 28
136 148 2 85
136 170 4 28
136 118 7 83
136 147 9 93
136 187 2 11
136 65 9 91
136 71 7 23
136 23 9 42
136 40 8 25
136 123 7 25
137 18 1 28
137 101 4 78
137 57 0 29
137 45 4 95
137 163 2 26
137 171 4 23
137 1 7 69
137 90 9 65
137 119 5 96
137 176 1 6
137 123 2 18
137 104 8 88
137 27 9 97
137 148 2 39
138 69 1 49
138 27 1 15
138 1 6 80
138 167 9 50
138 3 5 68
138 193 6 93
138 85 3 26
138 79 4 34
138 154 3 78
138 81 7 30
138 152 4 29
139 145 6 9
139 168 7 45
139 62 2 11
139 94 0 98
139 122 3 92
139 4 6 91
139 14 3 20
139 143 1 27
139 40 5 99
139 51 9 12
139 118 3 94
139 16 7 77
139 0 7 40
139 43 8 89
139 116 7 94
139 23 4 79
139 152 5 13
139 9 1 30
140 2 6 59
140 159 0 71
140 105 8 47
140 149 6 6
140 101 7 7
140 84 7 68
140 158 4 56
140 199 5 42
140 191 3 99
140 98 5 96
140 57 9 96
140 134 5 18
140 86 2 81
140 117 3 16
140 174 9 62
140 73 9 39
141 121 8 0
141 149 2 95
141 84 7 5
141 53 6 42
141 110 6 46
141 148 5 98
141 88 3 96
141 168 7 60
141 51 0 78
141 94 4 18
141 166 3 33
141 5 2 39
141 103 1 18
141 144 1 34
142 199 4 25
142 30 0 14
142 181 1 22
142 124 5 85
142 137 7 66
142 152 7 47
142 97 0 34
142 99 6 36
142 145 6 3
142 11 5 22
143 72 7 33
143 150 3 86
143 173 4 3
143 190 0 44
143 98 0 88
143 91 2 42
143 140 3 13
143 40 3 87
143 34 6 4
143 2 3 49
143 160 3 86
144 72 8 40
144 50 1 60
144 22 1 35
144 187 3 49
144 92 1 64
144 80 6 38
144 75 9 4
144 67 0 28
144 105 2 36
144 146 1 39
144 110 1 85
144 153 2 2
144 13 0 30
144 83 5 40
144 122 5 41
144 68 4 6
145 31 9 74
145 62 6 58
145 195 9 4
145 121 5 28
145 110 4 2
145 155 5 16
145 97 4 13
145 191 8 1
145 49 7 58
145 36 3 47
145 59 5 83
145 168 3 99
145 184 0 93
145 198 3 1
145 51 5 98
146 122 2 42
146 52 0 74
146 97 6 69
146 27 2 15
146 166 6 50
146 108 9 96
146 104 5 31
146 174 4 44
146 127 6 6
146 153 3 20
146 105 7 55
146 60 8 60
147 76 0 59
147 119 7 86
147 174 1 32
147 189 4 92
147 33 2 0
147 111 5 35
147 28 7 75
147 41 8 69
147 52 4 99
147 149 9 97
147 177 1 22
147 129 5 20
147 64 5 77
147 39 6 15
147 45 3 27
147 130 9 1
147 126 5 90
147 179 4 96
147 99 8 62
148 44 0 79
148 26 0 0
148 121 4 32
148 70 0 71
148 30 9 35
148 144 9 12
148 72 6 6
148 156 1 33
148 119 2 38
148 166 7 80
148 73 8 62
148 45 1 39
148 6 5 95
148 112 1 79
148 185 1 42
149 108 3 32
149 177 6 46
149 116 2 23
149 63 5 56
149 53 3 70
149 26 1 81
149 139 3 50
149 47 7 66
149 51 6 60
149 79 2 62
149 14 6 36
149 127 1 29
149 44 4 95
150 152 8 97
150 65 7 31
150 127 2 52
150 165 9 25
150 45 2 69
150 149 9 37
150 21 3 85
150 118 5 13
150 172 2 72
150 116 3 41
150 185 4 72
150 123 8 95
150 86 4 2
151 99 4 68
151 178 1 96
151 19 3 19
151 53 6 27
151 26 1 35
151 21 1 10
151 119 9 81
151 30 1 11
151 127 2 76
151 198 5 90
151 105 6 21
151 113 1 37
151 176 8 27
151 98 9 21
151 68 9 52
151 79 8 54
151 171 6 69
151 36 8 97
152 135 3 36
152 156 2 57
152 17 1 64
152 196 6 7
152 173 0 82
152 170 5 76
152 158 3 90
152 168 3 35
152 133 8 37
152 182 9 54
152 45 2 64
152 22 8 68
152 111 3 96
152 150 6 52
152 103 8 99
153 67 1 11
153 4 3 37
153 45 3 61
153 49 5 27
153 29 3 48
153 174 8 23
153 62 6 18
153 64 7 59
153 105 3 70
153 81 8 79
153 148 4 83
153 41 9 54
153 122 3 35
153 121 9 65
154 6 1 99
154 67 8 84
154 16 8 26
154 161 9 57
154 97 5 68
154 182 6 32
154 26 7 19
154 191 7 33
154 153 3 72
154 39 7 62
154 69 9 46
154 101 5 24
155 177 8 48
155 51 6 25
155 63 5 81
155 55 6 42
155 180 1 67
155 193 0 84
155 182 3 92
155 171 4 74
155 52 6 53
155 108 5 6
155 150 8 81
155 121 4 97
156 51 4 72
156 184 0 71
156 191 2 67
156 32 1 39
156 120 4 95
156 72 4 56
156 75 5 40
156 47 0 83
156 170 1 47
156 65 3 60
156 78 2 47
156 34 9 3
156 126 6 95
156 16 8 36
156 29 4 29
156 186 6 43
157 15 1 44
157 110 2 35
157 89 8 27
157 80 5 43
157 177 3 39
157 5 9 80
157 137 2 93
157 1 1 33
157 39 5 75
157 182 5 51
157 79 4 23
157 111 5 24
157 191 5 2
157 142 1 98
158 91 5 64
158 152 7 33
158 84 7 59
158 183 6 99
158 156 5 66
158 133 2 54
158 188 4 91
158 131 4 37
158 116 2 78
158 23 8 4
158 19 7 9
158 109 4 20
158 92 3 26
159 96 5 3
159 173 4 20
159 14 7 90
159 171 8 98
159 100 8 89
159 167 9 10
159 108 5 52
159 128 1 69
159 119 3 58
159 17 5 8
159 133 7 92
159 181 8 40
159 134 7 42
159 65 7 72
159 86 5 35
160 11 5 95
160 45 7 92
160 112 2 69
160 67 1 33
160 159 5 55
160 46 6 93
160 41 0 64
160 66 7 68
160 187 3 56
160 135 4 70
160 95 2 49
160 183 4 56
160 68 9 87
161 124 6 13
161 140 8 52
161 110 0 44
161 89 5 6
161 47 2 29
161 30 5 92
161 86 2 94
161 187 9 53
161 77 1 33
161 92 9 54
161 17 6 37
161 97 2 53
161 125 2 28
161 87 6 71
161 116 1 41
162 181 7 36
162 30 4 0
162 58 1 74
162 110 0 93
162 106 2 46
162 147 4 1
162 119 4 30
162 118 2 16
162 193 3 7
162 38 6 42
162 75 4 46
162 76 2 88
162 177 8 81
162 68 7 7
162 198 5 19
162 59 3 61
162 52 5 25
162 46 0 80
163 19 0 65
163 79 0 21
163 60 5 24
163 198 4 24
163 88 2 5
163 6 4 55
163 71 3 56
163 44 1 68
163 191 3 56
163 181 9 38
163 7 7 3
163 184 7 55
163 160 5 19
163 49 2 53
163 95 3 11
163 174 2 50
164 181 8 80
164 85 1 47
164 3 4 59
164 60 5 11
164 198 8 50
164 131 5 1
164 178 0 37
164 190 8 36
164 40 9 63
164 94 8 94
164 19 3 20
164 174 0 82
165 179 1 43
165 79 2 36
165 170 1 34
165 103 9 71
165 112 1 6
165 163 1 37
165 88 2 7
165 44 2 34
165 181 2 29
166 142 6 47
166 164 5 32
166 98 9 57
166 54 9 1
166 61 5 39
166 16 0 39
166 84 7 40
166 183 1 77
166 145 4 39
166 33 0 17
166 25 7 68
166 35 5 10
166 26 8 33
166 192 8 36
166 146 7 72
166 22 9 66
167 13 0 82
167 115 2 42
167 162 4 25
167 141 4 40
167 176 1 74
167 144 9 82
167 153 4 94
167 94 6 32
167 0 5 4
167 174 1 53
167 8 5 67
167 100 4 81
167 25 9 48
167 57 6 39
167 32 7 3
167 36 1 34
168 141 9 71
168 42 6 6
168 13 1 7
168 4 6 93
168 161 8 0
168 171 1 81
168 94 1 24
168 52 9 54
168 145 2 32
168 68 1 59
168 129 1 66
168 107 3 55
168 197 5 46
169 187 7 62
169 74 2 0
169 106 7 9
169 136 1 30
169 155 0 7
169 159 4 67
169 99 6 93
169 100 4 87
169 160 3 26
169 73 4 76
169 142 8 96
169 33 7 41
169 30 7 20
170 183 4 65
170 48 1 13
170 73 9 49
170 10 4 75
170 63 2 62
170 94 8 35
170 113 3 9
170 131 5 47
170 60 6 59
170 173 3 12
170 177 6 51
170 0 9 23
170 198 1 78
170 18 7 4
170 186 4 56
170 81 9 1
170 149 8 6
171 14 7 39
171 100 3 71
171 110 9 95
171 91 5 79
171 12 6 29
171 151 4 6
171 72 7 98
171 132 1 55
171 63 3 23
171 169 0 42
171 108 9 17
171 66 7 58
171 164 3 60
171 10 0 54
172 110 3 79
172 4 9 99
172 36 0 15
172 70 2 98
172 30 5 65
172 137 2 22
172 166 4 66
172 197 8 67
172 148 3 28
172 10 2 46
172 78 2 24
172 192 4 18
172 142 4 15
172 60 7 23
172 8 4 17
172 48 1 30
172 167 1 13
172 180 1 78
172 156 6 72
172 74 8 48
172 141 0 55
173 65 8 51
173 86 1 87
173 51 9 68
173 59 8 23
173 0 2 18
173 55 8 56
173 106 1 35
173 98 8 37
173 58 7 57
173 39 4 8
173 150 8 76
174 25 2 4
174 81 1 65
174 161 6 10
174 72 8 92
174 53 2 25
174 163 7 61
174 150 4 20
174 178 4 34
174 1 0 0
174 32 1 61
174 57 9 16
174 67 8 4
175 137 3 63
175 173 5 22
175 107 1 4
175 24 2 83
175 30 8 27
175 185 4 45
175 66 3 99
175 81 7 2
175 136 1 22
175 121 4 98
176 29 0 40
176 8 6 60
176 170 1 6
176 86 6 36
176 28 2 62
176 55 0 3
176 76 8 35
176 167 0 91
176 159 2 4
176 165 1 70
176 119 9 69
176 144 6 3
176 118 9 27
176 173 7 28
176 60 4 37
176 152 9 4
177 123 9 59
177 193 6 49
177 150 3 42
177 199 7 7
177 159 1 17
177 27 1 55
178 69 1 22
178 8 5 0
178 21 4 4
178 107 4 80
178 167 5 52
178 36 8 74
178 195 3 71
178 48 7 64
178 12 0 48
178 161 3 5
178 194 8 21
178 120 8 99
178 139 2 47
178 171 3 42
178 27 8 39
178 150 2 10
178 70 2 73
178 54 2 26
179 76 7 69
179 157 8 24
179 89 6 70
179 138 5 93
179 72 1 13
179 65 6 13
179 56 3 47
179 81 5 55
179 38 7 0
179 104 9 13
179 34 8 88
179 130 5 21
179 110 2 26
179 147 8 0
180 182 6 54
180 70 9 94
180 25 7 37
180 146 5 35
180 65 1 47
180 27 2 29
180 24 4 36
180 170 1 45
180 3 0 86
180 111 6 87
180 90 2 2
180 153 2 32
180 184 2 46
180 51 8 82
180 87 9 43
180 169 4 20
180 7 7 37
181 137 1 89
181 21 3 75
181 94 9 79
181 66 9 59
181 155 6 28
181 107 7 75
181 27 5 26
181 1 2 10
181 120 3 64
181 147 3 71
181 45 3 18
181 127 0 3
181 189 4 87
182 25 3 79
182 139 5 87
182 106 4 17
182 109 3 1
182 195 3 65
182 197 8 46
182 22 0 99
182 163 6 99
182 63 3 0
182 190 3 60
182 188 8 45
182 199 1 92
183 122 6 47
183 73 1 52
183 85 3 5
183 30 4 78
183 55 5 18
183 108 0 74
183 115 5 17
183 18 8 59
183 43 4 47
183 125 6 56
183 199 3 53
183 11 9 86
183 172 9 68
184 143 2 73
184 57 6 22
184 192 6 50
184 22 4 45
184 64 7 9
184 197 5 20
184 99 5 10
184 111 0 65
184 69 6 96
184 50 0 38
184 159 0 1
185 100 5 65
185 54 5 73
185 102 7 33
185 93 0 7
185 83 9 17
185 187 5 11
185 64 7 3
185 137 0 51
185 170 3 31
185 78 6 22
185 195 3 64
185 174 2 55
185 189 3 56
185 20 2 9
185 116 3 72
185 154 7 65
186 193 4 63
186 50 3 91
186 84 1 57
186 109 2 70
186 122 8 7
186 143 9 81
186 29 6 44
186 34 7 93
186 90 7 28
186 83 7 84
186 160 7 41
186 118 6 74
186 7 5 25
187 126 6 13
187 100 8 82
187 74 3 9
187 22 5 28
187 147 8 31
187 114 9 3
187 66 8 19
187 78 2 55
187 115 8 51
187 137 0 4
187 69 4 87
187 116 8 48
187 71 9 34
187 103 8 8
187 122 7 22
187 26 5 7
187 191 9 40
188 187 6 14
188 66 5 48
188 156 8 7
188 92 6 83
188 136 1 3
188 198 2 31
188 24 0 48
188 18 8 61
188 101 4 45
188 104 8 51
188 34 8 48
188 43 6 69
188 47 4 21
189 101 3 14
189 160 8 9
189 11 5 97
189 159 8 73
189 196 5 73
189 127 7 79
189 8 0 90
189 192 4 21
189 25 1 26
189 82 0 40
189 198 3 34
189 132 1 76
190 181 3 47
190 16 1 81
190 69 1 7
190 95 4 29
190 157 8 50
190 14 5 22
190 81 7 49
190 110 8 37
190 92 5 37
190 138 9 12
190 118 7 71
190 159 8 41
190 52 1 31
190 153 3 49
191 179 9 99
191 97 4 21
191 109 4 0
191 184 1 69
191 157 2 50
191 69 0 4
191 130 7 0
191 3 9 77
191 195 9 56
191 170 0 79
191 90 2 50
191 147 0 27
191 70 1 96
192 178 1 25
192 108 2 88
192 87 5 83
192 78 2 41
192 136 1 91
192 15 5 97
192 44 8 37
192 35 3 23
192 83 1 35
192 1 9 94
192 84 7 62
192 131 7 76
192 150 5 45
192 182 2 31
192 158 8 42
192 162 2 73
192 135 7 61
193 104 8 77
193 95 0 85
193 141 9 16
193 89 6 16
193 168 2 50
193 61 1 62
193 190 4 44
193 23 2 25
193 64 9 73
193 75 1 53
193 182 9 75
194 20 4 48
194 197 4 23
194 155 6 89
194 80 1 3
194 26 3 8
194 31 5 97
194 59 0 43
194 114 4 20
194 89 6 92
194 118 4 19
194 121 9 57
194 178 5 70
194 96 6 98
194 12 8 76
194 103 7 97
194 22 1 27
194 1 7 73
195 170 7 90
195 76 3 28
195 98 0 48
195 77 4 49
195 150 9 55
195 199 7 50
195 27 6 48
195 105 6 69
195 153 4 25
195 78 7 18
195 186 7 15
195 36 6 13
195 85 1 10
195 124 1 90
196 112 1 34
196 47 4 59
196 61 1 91
196 71 7 28
196 107 8 20
196 33 4 7
196 186 8 49
196 76 2 11
196 14 4 83
196 34 7 77
196 67 5 53
196 70 9 34
196 25 4 94
196 62 1 24
196 191 0 1
196 144 9 39
196 179 9 73
196 180 9 64
197 69 7 32
197 82 7 66
197 145 3 79
197 55 1 37
197 139 5 44
197 196 4 58
197 133 3 90
197 155 1 90
197 154 6 13
197 50 3 30
197 186 1 17
198 6 6 30
198 111 3 31
198 171 8 6
198 127 4 60
198 9 1 71
198 154 8 72
198 60 1 27
198 78 9 95
198 101 4 17
198 58 1 36
198 145 4 42
198 35 3 88
199 151 5 60
199 160 2 83
199 101 2 50
199 176 6 86
199 76 2 30
199 107 8 60
199 128 5 9
199 13 2 86
199 62 5 90
199 185 2 16
199 15 7 9
199 112 7 29
199 148 2 46
199 129 4 19
199 2 6 66
