20
15
-15
4
-4
12
-12
4
-4
1
-1
10
-10
18
-18
11
-11
1
-1
10
-10
156
0 17 3 48
0 15 3 79
0 8 2 78
0 12 0 46
0 13 0 27
0 11 2 59
0 10 8 86
0 14 2 14
0 9 2 88
0 1 25 90
1 13 1 5
1 19 2 99
1 11 3 82
1 14 0 87
1 6 3 27
1 17 4 99
1 12 0 25
2 11 4 19
2 6 8 41
2 13 6 14
2 12 5 99
2 17 9 29
2 14 9 3
2 15 4 29
2 1 8 70
2 10 8 35
2 3 27 131
3 0 4 58
3 18 1 3
3 16 7 93
3 9 9 77
3 17 1 4
3 19 3 96
3 10 6 72
3 15 6 86
4 0 1 67
4 7 2 83
4 1 3 50
4 17 3 37
4 18 9 45
4 6 2 0
4 13 7 4
4 12 6 89
4 14 2 8
4 19 1 52
4 5 29 77
5 18 3 17
5 16 7 16
5 10 5 40
5 8 0 99
5 19 3 98
5 9 9 48
5 1 9 82
6 3 0 30
6 5 1 86
6 14 2 5
6 16 5 97
6 4 1 79
6 9 5 97
6 7 25 52
7 5 7 12
7 0 1 16
7 19 5 98
7 10 8 39
7 3 9 48
7 2 6 11
7 14 4 24
8 13 8 0
8 2 8 80
8 3 5 88
8 14 3 91
8 10 0 7
8 6 6 25
8 9 28 138
9 4 4 35
9 11 0 11
9 14 1 16
9 7 2 82
10 12 1 69
10 3 2 85
10 7 5 32
10 1 1 63
10 4 0 68
10 15 4 85
10 19 8 74
10 6 1 82
10 11 26 92
11 2 5 30
11 0 7 76
11 4 2 28
11 5 3 62
11 8 6 59
11 3 7 61
11 17 0 76
11 10 3 16
12 0 6 18
12 11 1 46
12 17 1 60
12 16 3 25
12 3 6 39
12 8 9 48
12 13 28 120
13 17 2 98
13 5 6 64
13 7 6 57
13 16 9 75
13 3 1 20
13 1 8 1
13 9 1 10
13 18 4 93
14 17 0 7
14 2 5 32
14 5 7 52
14 12 6 6
14 15 28 139
15 10 9 27
15 11 3 32
15 19 0 57
15 8 4 85
16 7 9 81
16 12 7 18
16 10 8 98
16 1 1 91
16 18 2 63
16 11 9 57
16 4 4 66
16 2 4 75
16 5 5 49
16 17 25 82
17 4 1 43
17 11 5 75
17 1 6 17
17 8 1 14
17 16 8 56
17 9 4 35
17 12 1 53
17 19 7 14
17 2 6 81
18 16 4 97
18 4 6 16
18 6 0 82
18 7 9 64
18 2 6 26
18 12 8 69
18 15 4 83
18 5 4 67
18 8 7 35
18 19 29 136
19 17 9 7
19 12 8 80
19 5 8 71
19 2 4 68
19 18 9 80
19 16 4 35
19 15 6 21
19 7 7 8