200
20
-20
14
-14
7
-7
20
-20
22
-22
14
-14
16
-16
3
-3
4
-4
21
-21
15
-15
8
-8
16
-16
3
-3
13
-13
5
-5
23
-23
23
-23
22
-22
15
-15
3
-3
19
-19
18
-18
20
-20
15
-15
15
-15
17
-17
15
-15
17
-17
15
-15
16
-16
12
-12
7
-7
23
-23
9
-9
4
-4
12
-12
0
0
9
-9
16
-16
22
-22
24
-24
0
0
15
-15
5
-5
15
-15
20
-20
5
-5
13
-13
19
-19
20
-20
18
-18
13
-13
16
-16
15
-15
6
-6
6
-6
7
-7
21
-21
0
0
0
0
12
-12
15
-15
7
-7
12
-12
24
-24
13
-13
1
-1
0
0
23
-23
20
-20
24
-24
24
-24
22
-22
14
-14
4
-4
12
-12
11
-11
10
-10
0
0
8
-8
7
-7
18
-18
23
-23
23
-23
10
-10
4
-4
5
-5
19
-19
3
-3
5
-5
19
-19
17
-17
20
-20
3
-3
7
-7
20
-20
19
-19
8
-8
22
-22
2968
0 117 3 23
0 150 7 75
0 116 9 15
0 101 4 47
0 173 5 5
0 170 2 11
0 134 2 51
0 8 7 73
0 123 7 39
0 71 2 50
0 133 8 1
0 38 5 5
0 163 5 65
0 152 2 23
0 18 5 52
0 1 26 206
1 79 6 7
1 177 8 70
1 153 2 72
1 97 2 61
1 173 8 27
1 69 5 73
1 185 4 10
1 107 4 22
1 85 1 29
1 16 5 80
1 92 4 75
1 94 9 91
1 56 8 54
2 14 2 9
2 60 8 29
2 122 9 19
2 111 1 50
2 48 2 44
2 174 3 19
2 185 6 99
2 15 2 73
2 42 4 92
2 192 1 42
2 83 5 35
2 154 0 1
2 78 0 41
2 72 5 4
2 3 28 163
3 111 6 15
3 193 2 6
3 163 8 2
3 59 2 68
3 139 2 6
3 186 7 50
3 85 0 43
3 106 7 91
3 125 1 29
3 109 0 13
3 178 5 10
3 180 0 71
3 183 7 17
4 161 2 3
4 86 8 97
4 173 7 10
4 83 7 73
4 37 1 32
4 141 7 89
4 45 3 60
4 177 3 6
4 52 7 53
4 152 4 66
4 184 7 84
4 191 5 1
4 1 6 33
4 5 27 150
5 70 3 36
5 48 5 76
5 52 9 68
5 149 5 49
5 137 2 58
5 197 7 55
5 147 1 89
5 82 3 86
5 159 2 16
5 169 1 3
5 65 5 1
5 154 2 54
5 115 1 67
6 29 0 8
6 98 0 63
6 145 9 41
6 86 0 70
6 40 7 91
6 34 8 1
6 195 0 22
6 127 5 24
6 193 1 7
6 116 3 4
6 129 4 40
6 21 0 10
6 174 7 62
6 102 2 55
6 190 1 15
6 93 3 81
6 7 25 196
7 34 5 72
7 36 1 39
7 114 2 94
7 171 0 75
7 5 8 49
7 130 1 87
7 149 9 92
7 4 4 42
7 145 8 33
7 101 4 93
7 103 6 35
7 110 9 64
7 3 6 53
7 88 8 99
8 117 3 80
8 151 2 15
8 177 4 15
8 19 4 54
8 83 7 42
8 188 5 80
8 49 3 46
8 106 6 94
8 14 5 58
8 81 4 84
8 144 2 99
8 101 7 25
8 47 5 1
8 36 9 41
8 150 1 89
8 9 26 209
9 72 1 66
9 79 5 1
9 90 1 63
9 198 8 77
9 119 6 92
9 140 0 33
9 161 2 78
9 175 4 30
9 46 5 85
9 39 7 4
9 131 7 66
9 192 0 50
9 135 6 64
9 194 1 9
10 136 0 82
10 144 9 39
10 166 9 51
10 105 6 89
10 141 3 19
10 184 5 1
10 111 7 97
10 108 3 37
10 134 9 30
10 26 3 87
10 15 6 42
10 128 1 49
10 199 5 76
10 196 3 91
10 5 1 61
10 35 8 38
10 79 9 62
10 69 0 13
10 41 0 14
10 11 25 179
11 31 6 77
11 24 1 67
11 106 5 51
11 135 0 67
11 197 4 88
11 147 9 29
11 129 5 20
11 168 5 36
11 122 3 3
11 66 1 85
11 173 7 10
11 102 6 46
11 174 6 13
11 65 2 84
11 164 5 96
11 19 1 92
11 48 4 56
11 90 7 83
12 48 8 14
12 84 6 85
12 197 3 82
12 93 2 53
12 37 7 94
12 58 6 89
12 137 0 38
12 22 7 93
12 9 9 5
12 103 2 43
12 123 2 71
12 59 7 17
12 100 9 3
12 0 6 74
12 50 7 55
12 173 7 42
12 13 25 180
13 130 2 89
13 58 4 31
13 27 3 17
13 126 1 76
13 95 9 5
13 80 9 61
13 23 0 51
13 8 8 54
13 91 6 73
14 155 8 76
14 168 2 44
14 74 7 95
14 31 7 63
14 159 0 42
14 34 5 25
14 134 3 98
14 92 0 66
14 137 7 44
14 1 1 5
14 75 5 2
14 62 2 17
14 60 4 58
14 111 1 17
14 13 6 92
14 122 3 19
14 124 5 87
14 108 9 41
14 15 25 221
15 153 4 29
15 185 2 17
15 28 2 81
15 9 2 89
15 162 7 76
15 55 8 0
15 36 5 69
15 86 9 75
15 67 4 88
15 106 9 29
15 136 1 95
15 88 4 4
15 148 8 3
15 186 4 40
15 193 5 26
15 29 4 26
16 194 9 71
16 124 0 67
16 50 4 49
16 174 4 0
16 79 8 87
16 35 4 47
16 58 8 90
16 126 9 64
16 11 0 10
16 9 7 67
16 17 27 220
17 141 1 98
17 8 7 12
17 121 7 36
17 9 2 60
17 29 8 31
17 69 9 41
17 16 6 88
17 79 6 82
17 127 8 2
17 50 8 12
17 182 9 61
17 149 4 48
17 188 3 32
17 1 7 1
17 114 2 39
17 44 6 80
18 80 2 28
18 197 2 89
18 129 5 76
18 82 9 39
18 122 4 17
18 54 1 46
18 125 3 98
18 192 2 0
18 109 6 24
18 100 0 40
18 115 1 27
18 118 6 68
18 173 8 50
18 128 3 38
18 19 26 181
19 199 8 97
19 193 5 41
19 119 8 57
19 60 0 11
19 57 7 97
19 124 2 54
19 16 5 68
19 128 1 33
19 50 3 22
19 197 7 45
19 8 7 25
19 69 1 68
19 23 0 5
19 61 9 72
19 35 9 73
20 196 5 88
20 73 5 34
20 118 0 98
20 167 6 85
20 93 4 44
20 180 5 42
20 15 9 26
20 57 5 56
20 154 0 33
20 187 0 13
20 182 3 77
20 137 9 2
20 78 7 47
20 186 1 79
20 117 0 90
20 21 25 234
21 123 6 10
21 29 8 36
21 20 0 73
21 86 1 25
21 59 2 10
21 85 4 44
21 174 4 47
21 74 7 75
21 127 2 99
21 119 6 12
22 118 6 62
22 145 1 61
22 81 1 68
22 68 5 6
22 71 6 1
22 107 9 45
22 168 4 52
22 14 7 33
22 35 0 38
22 52 8 66
22 79 3 25
22 141 6 82
22 124 8 66
22 114 0 45
22 23 27 242
23 119 6 52
23 20 8 85
23 14 8 77
23 107 7 34
23 112 3 2
23 46 4 49
23 199 9 88
23 128 4 91
23 149 3 52
23 44 4 6
24 120 1 0
24 21 5 23
24 109 3 10
24 11 2 59
24 51 0 83
24 94 1 59
24 46 0 6
24 98 1 78
24 92 6 98
24 102 9 32
24 37 3 20
24 82 7 59
24 148 2 14
24 165 6 13
24 166 5 68
24 25 26 168
25 170 8 22
25 70 3 4
25 148 0 1
25 112 6 82
25 116 6 43
25 51 6 9
25 187 1 75
25 57 1 36
25 102 7 50
25 164 4 95
25 91 8 86
25 104 1 48
25 67 8 31
25 123 0 77
25 49 0 42
25 169 8 33
25 145 2 17
26 126 8 89
26 110 3 43
26 164 7 63
26 56 8 5
26 140 6 67
26 136 9 87
26 50 2 49
26 155 0 29
26 157 0 25
26 35 7 17
26 27 28 191
27 176 4 91
27 2 2 55
27 111 3 32
27 103 2 18
27 76 8 54
27 127 3 83
27 118 6 38
27 168 8 70
27 23 3 79
27 108 4 54
27 140 8 45
27 107 5 13
27 113 4 16
27 8 6 76
27 39 6 61
27 145 8 71
27 194 5 77
27 153 9 26
28 196 4 21
28 164 2 85
28 49 0 18
28 80 1 42
28 93 8 50
28 116 1 8
28 166 6 69
28 114 5 20
28 32 9 62
28 10 1 96
28 109 8 76
28 157 4 56
28 2 3 0
28 112 2 98
28 22 7 58
28 29 26 209
29 20 2 5
29 12 9 96
29 101 3 68
29 158 6 72
29 129 6 58
29 47 6 20
29 117 3 2
29 137 6 85
29 5 9 11
29 188 7 79
29 162 5 64
29 186 9 32
29 55 9 0
29 38 8 49
30 85 4 81
30 2 2 51
30 86 7 2
30 139 2 52
30 172 9 1
30 21 6 67
30 157 5 23
30 109 0 42
30 12 6 81
30 114 5 86
30 90 7 58
30 145 7 91
30 77 6 71
30 40 4 37
30 150 5 57
30 144 7 64
30 125 3 61
30 168 4 21
30 141 0 45
30 73 7 12
30 31 27 186
31 157 5 38
31 111 8 60
31 79 3 44
31 93 4 27
31 149 5 21
31 119 3 94
31 186 7 62
31 19 7 74
31 192 2 11
31 123 4 83
31 103 4 20
31 60 7 80
31 21 1 75
31 132 5 5
31 84 7 67
32 187 1 37
32 87 8 50
32 138 8 48
32 195 1 81
32 14 6 98
32 133 4 1
32 84 8 95
32 173 3 63
32 160 4 93
32 98 9 55
32 130 9 77
32 131 9 50
32 142 9 33
32 154 6 77
32 9 8 22
32 33 29 228
33 137 4 99
33 70 5 48
33 87 3 55
33 155 0 16
33 53 6 12
33 52 4 11
33 56 2 38
33 181 2 45
33 182 2 98
33 46 7 91
33 158 6 27
33 196 9 41
34 109 2 65
34 102 4 56
34 152 7 56
34 147 7 85
34 122 1 36
34 99 8 6
34 155 1 13
34 97 6 29
34 163 4 44
34 199 4 48
34 100 5 58
34 106 1 21
34 90 8 33
34 71 2 38
34 35 25 165
35 109 4 66
35 92 1 95
35 133 8 38
35 76 0 42
35 9 4 3
35 176 8 16
35 1 8 2
35 198 2 70
35 2 7 79
35 33 4 12
35 94 0 79
35 197 8 31
35 67 7 27
35 31 1 57
35 43 6 36
35 115 1 43
36 16 2 56
36 60 4 79
36 171 4 79
36 90 0 70
36 122 6 60
36 12 1 14
36 150 0 11
36 176 2 21
36 63 2 30
36 72 3 7
36 135 9 51
36 37 26 218
37 21 9 53
37 132 5 28
37 160 5 68
37 30 2 48
37 72 9 72
37 135 0 15
37 96 5 26
37 77 0 17
37 198 4 31
37 71 0 50
37 48 6 40
37 100 7 60
38 85 5 25
38 125 7 2
38 178 7 78
38 137 3 81
38 190 5 92
38 68 0 70
38 136 8 30
38 32 8 57
38 81 1 96
38 158 5 25
38 39 27 206
39 79 4 25
39 184 1 62
39 174 0 33
39 125 7 69
39 92 4 49
39 148 6 12
39 96 5 59
39 129 1 37
39 124 2 11
39 90 5 0
39 179 1 63
39 197 9 32
39 128 0 6
40 181 2 95
40 45 9 30
40 93 8 22
40 178 5 33
40 144 8 40
40 87 5 19
40 34 0 21
40 165 3 19
40 126 7 77
40 0 7 84
40 86 0 84
40 96 4 45
40 153 4 24
40 124 8 56
40 129 0 92
40 41 26 191
41 53 1 17
41 162 7 63
41 100 5 10
41 170 0 93
41 51 6 99
41 84 9 8
41 2 8 55
41 19 0 63
41 70 9 85
41 9 3 95
41 37 4 4
42 134 5 8
42 150 5 89
42 135 5 54
42 91 7 47
42 48 9 19
42 62 9 38
42 192 8 25
42 146 1 60
42 195 9 78
42 158 7 22
42 125 8 35
42 63 1 29
42 76 9 67
42 154 6 40
42 6 4 64
42 2 2 32
42 43 26 188
43 190 3 16
43 29 0 39
43 113 3 6
43 125 5 34
43 183 2 58
43 6 9 2
43 169 0 2
43 68 0 11
43 99 9 63
43 128 9 47
43 145 9 19
43 0 9 30
44 87 0 33
44 150 1 33
44 177 0 92
44 125 3 62
44 94 8 1
44 113 0 52
44 96 4 62
44 182 6 21
44 29 1 62
44 151 0 55
44 76 1 34
44 129 7 4
44 81 3 0
44 95 1 2
44 171 3 75
44 45 28 242
45 168 0 8
45 67 5 38
45 170 9 67
45 23 6 32
45 163 1 28
45 162 2 12
45 59 4 56
45 48 7 75
45 32 0 70
45 133 0 62
46 128 7 33
46 39 3 28
46 99 1 25
46 150 6 72
46 120 8 56
46 77 3 6
46 73 3 96
46 168 5 28
46 140 8 12
46 183 0 28
46 24 9 25
46 89 9 30
46 97 6 69
46 47 26 198
47 103 6 13
47 162 4 75
47 64 0 11
47 175 6 0
47 55 8 70
47 27 9 99
47 182 3 61
47 70 5 27
47 184 9 81
47 159 1 68
47 109 3 66
47 132 5 76
47 83 9 29
47 148 7 73
47 176 1 42
47 157 2 34
47 156 0 77
47 69 0 29
48 163 9 90
48 143 3 13
48 121 9 68
48 40 3 80
48 82 9 20
48 193 6 2
48 126 0 4
48 117 8 16
48 172 9 91
48 153 9 14
48 111 3 10
48 49 27 183
49 199 5 9
49 10 9 41
49 17 6 4
49 34 6 21
49 138 1 6
49 185 9 20
49 85 3 24
50 46 4 11
50 33 0 4
50 26 4 39
50 115 9 94
50 139 4 13
50 27 8 25
50 78 9 74
50 182 9 19
50 72 2 94
50 63 7 3
50 157 9 68
50 122 3 59
50 144 4 32
50 2 2 30
50 41 7 3
50 15 1 74
50 34 4 60
50 53 0 70
50 21 2 4
50 80 7 28
50 164 9 32
50 51 29 238
51 148 4 35
51 132 7 88
51 87 4 94
51 46 4 58
51 7 9 5
51 177 5 53
51 25 8 55
51 33 1 88
51 122 3 48
51 135 2 12
51 181 8 9
51 40 5 38
51 97 3 70
51 126 2 7
51 86 7 24
51 103 3 73
51 154 7 54
51 56 0 43
52 117 8 91
52 103 5 89
52 10 2 18
52 111 3 46
52 131 5 6
52 151 9 74
52 2 6 59
52 74 5 99
52 18 8 65
52 162 2 36
52 167 6 4
52 45 9 37
52 24 8 79
52 53 26 242
53 127 5 62
53 38 2 50
53 83 3 80
53 79 6 68
53 8 6 95
53 26 8 31
53 70 5 66
53 133 2 19
53 154 1 91
53 102 7 92
53 118 1 20
53 165 9 98
53 14 4 37
53 33 9 10
53 176 8 52
53 11 3 68
53 144 2 71
53 189 7 23
54 187 3 35
54 194 0 38
54 147 8 16
54 29 8 0
54 186 1 63
54 155 5 78
54 103 0 7
54 33 7 29
54 141 1 29
54 145 2 88
54 105 0 14
54 58 6 34
54 20 1 36
54 174 8 0
54 55 29 213
55 8 5 70
55 34 6 89
55 47 4 15
55 20 8 61
55 139 8 77
55 71 6 42
55 29 9 34
55 26 6 70
55 164 2 80
55 93 6 12
55 10 4 53
55 143 2 84
55 188 5 94
55 58 6 13
55 92 1 89
56 164 8 30
56 16 7 11
56 82 3 69
56 118 9 6
56 34 7 89
56 88 3 71
56 77 7 89
56 159 3 23
56 122 9 2
56 133 8 92
56 40 2 77
56 61 0 56
56 2 4 52
56 144 3 73
56 71 2 65
56 48 5 77
56 57 27 232
57 173 1 42
57 136 2 67
57 120 5 46
57 142 0 69
57 126 5 63
57 104 3 21
57 146 8 40
57 87 3 95
57 110 1 81
57 124 1 78
58 33 2 75
58 14 6 26
58 77 0 68
58 56 1 19
58 114 0 85
58 20 6 39
58 74 8 28
58 25 7 55
58 141 9 77
58 80 3 26
58 160 6 30
58 127 5 74
58 91 6 43
58 195 3 57
58 104 0 49
58 43 7 87
58 59 25 189
59 81 9 67
59 151 5 66
59 35 4 70
59 117 6 76
59 103 4 71
59 148 6 26
59 115 4 51
59 2 5 33
59 30 9 79
59 101 1 12
59 178 4 14
59 116 2 93
60 139 0 5
60 136 1 88
60 165 8 56
60 45 1 49
60 99 9 36
60 92 4 19
60 145 4 56
60 33 7 59
60 130 2 49
60 86 8 61
60 188 6 24
60 169 8 40
60 168 2 16
60 193 0 88
60 70 2 13
60 126 3 83
60 61 28 242
61 118 5 21
61 181 3 84
61 133 2 35
61 57 5 20
61 121 7 35
61 55 2 13
61 159 6 32
61 3 5 46
61 105 1 21
61 90 5 7
61 75 7 22
61 174 4 68
61 177 3 94
61 185 3 66
61 114 8 69
61 30 9 54
62 100 1 16
62 20 8 31
62 15 4 7
62 198 5 3
62 178 9 30
62 142 3 0
62 48 8 59
62 81 8 43
62 188 9 57
62 92 9 42
62 130 1 34
62 31 5 32
62 23 5 13
62 182 9 94
62 52 2 64
62 147 2 65
62 46 2 94
62 69 0 65
62 87 1 96
62 21 2 73
62 63 26 187
63 110 5 53
63 66 6 5
63 49 3 9
63 76 0 8
63 98 4 29
63 51 1 17
63 182 8 90
63 9 3 97
63 166 9 25
63 71 0 19
63 91 2 76
63 38 2 12
63 135 8 64
63 61 2 16
63 198 2 54
63 56 6 18
63 85 0 30
64 157 2 27
64 27 6 80
64 159 5 42
64 71 0 70
64 87 3 22
64 79 3 90
64 198 6 2
64 73 2 87
64 84 1 86
64 10 4 25
64 169 3 36
64 177 1 45
64 32 5 46
64 109 7 78
64 192 7 36
64 31 9 42
64 65 29 153
65 176 3 22
65 89 3 21
65 190 0 51
65 90 4 35
65 116 3 60
65 23 7 22
65 39 7 66
65 125 7 45
65 0 6 6
65 112 2 87
65 146 6 83
65 64 2 38
65 182 2 28
65 16 0 37
66 83 5 33
66 51 1 89
66 134 0 11
66 16 0 78
66 144 6 8
66 181 0 74
66 93 7 22
66 198 4 96
66 124 1 46
66 62 0 13
66 102 9 47
66 115 1 96
66 12 8 95
66 59 3 25
66 184 7 35
66 82 6 74
66 67 29 161
67 72 7 12
67 170 1 74
67 19 4 36
67 182 5 0
67 12 7 20
67 10 3 50
67 191 1 89
67 149 9 13
67 111 3 23
67 179 9 87
67 126 1 32
67 129 3 83
67 9 5 4
67 70 8 21
68 158 9 72
68 171 2 36
68 53 4 10
68 177 7 16
68 0 6 87
68 140 5 68
68 24 4 93
68 118 5 78
68 74 6 28
68 147 4 80
68 72 8 32
68 126 1 59
68 40 8 81
68 132 8 89
68 62 3 15
68 191 2 51
68 123 4 11
68 14 6 64
68 73 1 39
68 184 7 47
68 19 7 15
68 142 6 70
68 69 29 207
69 32 1 63
69 139 8 89
69 20 7 73
69 19 1 98
69 47 2 61
69 52 5 78
69 197 4 51
69 195 6 30
69 136 3 64
69 135 5 37
69 152 1 12
69 186 7 5
70 0 2 48
70 17 2 74
70 174 0 43
70 116 7 4
70 198 3 87
70 63 7 27
70 117 4 41
70 120 6 4
70 161 4 77
70 43 2 37
70 74 9 72
70 51 6 37
70 98 9 4
70 71 25 225
71 24 3 82
71 191 2 90
71 73 4 93
71 30 2 86
71 118 1 46
71 193 3 62
71 198 1 35
71 21 7 51
71 159 7 42
71 106 2 5
71 70 9 19
71 76 3 50
71 78 3 53
71 190 6 61
71 39 7 70
71 90 9 97
72 41 7 57
72 199 8 41
72 121 5 2
72 26 1 49
72 113 1 56
72 127 0 35
72 97 2 74
72 47 8 71
72 168 9 41
72 60 0 36
72 9 3 24
72 11 0 25
72 20 2 98
72 182 1 78
72 147 7 16
72 77 9 66
72 190 1 12
72 15 5 87
72 73 26 226
73 97 1 82
73 13 6 79
73 11 3 75
73 1 5 65
73 119 4 15
73 76 9 28
73 158 8 88
73 32 6 56
73 7 9 61
73 124 3 30
73 18 8 67
73 198 8 77
73 156 4 6
73 9 6 75
73 66 6 96
73 110 9 67
73 30 4 71
74 12 5 12
74 179 2 67
74 122 5 28
74 136 1 96
74 163 0 96
74 91 4 6
74 124 7 13
74 8 9 4
74 86 4 26
74 25 4 1
74 131 2 10
74 103 8 59
74 75 27 247
75 61 8 35
75 193 2 28
75 129 4 2
75 182 6 1
75 167 7 79
75 102 2 33
75 87 8 91
75 18 1 91
75 117 5 54
75 114 9 44
75 64 1 74
76 155 7 8
76 185 3 36
76 70 9 17
76 152 2 80
76 65 2 61
76 175 8 84
76 49 6 2
76 110 0 44
76 107 9 49
76 199 6 9
76 173 7 42
76 86 3 12
76 170 4 38
76 27 2 93
76 72 0 14
76 8 7 76
76 50 5 41
76 77 29 166
77 184 3 13
77 103 3 66
77 159 2 93
77 64 2 85
77 119 5 15
77 65 4 38
77 183 3 13
77 146 1 15
77 191 3 70
77 6 7 99
77 186 6 0
77 142 3 4
77 178 4 59
77 45 8 11
78 165 6 12
78 17 8 34
78 121 1 86
78 72 7 27
78 88 2 25
78 52 0 10
78 3 0 65
78 190 2 7
78 177 7 96
78 33 1 21
78 188 2 28
78 151 8 45
78 79 25 235
79 139 2 42
79 128 5 22
79 188 7 49
79 73 6 21
79 68 4 96
79 158 4 95
79 9 8 25
79 0 6 82
79 46 1 25
79 74 7 52
79 97 3 75
79 93 4 67
79 192 1 61
79 147 8 44
79 122 2 14
80 171 9 28
80 90 6 42
80 34 3 70
80 26 6 16
80 188 6 86
80 13 1 17
80 121 7 76
80 105 2 13
80 91 5 20
80 147 4 97
80 98 9 34
80 0 7 44
80 81 27 186
81 63 6 6
81 5 2 99
81 115 5 20
81 69 5 64
81 152 4 15
81 193 0 50
81 181 6 85
81 101 7 69
81 173 5 12
81 3 7 90
81 153 9 28
81 151 8 2
81 165 4 85
81 142 7 27
82 165 1 63
82 84 1 96
82 105 9 30
82 137 6 65
82 47 2 75
82 157 5 23
82 14 5 67
82 77 7 60
82 24 9 7
82 150 7 72
82 61 7 35
82 36 6 62
82 107 9 62
82 28 9 81
82 198 3 87
82 57 3 86
82 30 2 96
82 20 2 23
82 83 28 153
83 177 7 91
83 98 3 78
83 179 1 25
83 94 2 13
83 12 3 95
83 102 2 70
83 87 7 53
83 80 3 27
83 45 9 73
83 169 1 97
83 20 1 77
83 8 8 66
83 140 7 70
84 165 2 32
84 88 8 61
84 43 6 10
84 92 8 38
84 130 1 90
84 143 8 50
84 50 9 22
84 137 7 45
84 33 8 39
84 113 1 7
84 124 5 67
84 62 1 41
84 176 9 84
84 58 6 45
84 133 4 72
84 9 7 38
84 68 1 25
84 85 25 155
85 135 4 18
85 46 0 3
85 151 5 64
85 18 5 32
85 52 8 10
85 103 9 91
85 121 2 83
85 88 4 76
85 188 8 89
85 141 5 94
85 148 8 53
85 117 4 89
85 120 7 24
85 65 1 14
85 93 3 32
86 12 4 69
86 3 2 57
86 88 4 96
86 131 1 88
86 196 4 47
86 4 3 3
86 1 8 77
86 37 9 45
86 93 3 56
86 81 1 32
86 48 3 38
86 22 8 31
86 149 6 92
86 94 1 37
86 87 28 232
87 89 6 77
87 77 0 92
87 48 2 86
87 74 7 82
87 43 2 25
87 152 1 64
87 173 5 50
87 37 9 54
87 186 6 21
87 174 2 38
87 97 2 51
87 198 9 96
87 14 0 16
87 118 5 63
87 127 5 2
87 96 9 5
88 132 4 99
88 40 8 97
88 36 4 79
88 168 6 79
88 103 5 76
88 57 8 11
88 148 5 91
88 27 2 66
88 13 0 14
88 192 5 89
88 53 9 17
88 149 7 25
88 178 4 84
88 144 8 36
88 99 3 56
88 38 7 70
88 175 0 40
88 89 25 167
89 113 9 70
89 117 9 58
89 199 8 33
89 19 5 44
89 32 8 43
89 34 5 61
89 156 7 6
89 173 0 85
89 143 0 50
89 166 8 91
89 25 3 33
89 14 2 64
89 147 4 79
89 191 6 89
89 41 8 60
89 78 4 41
89 172 7 34
89 57 1 28
89 121 9 42
89 52 2 88
89 42 1 3
90 161 4 88
90 53 7 72
90 87 4 3
90 68 8 82
90 110 2 57
90 151 6 18
90 154 4 5
90 59 7 26
90 173 2 58
90 197 1 13
90 0 9 93
90 35 0 77
90 92 1 4
90 10 7 80
90 115 8 48
90 193 7 28
90 70 4 99
90 131 9 21
90 155 6 12
90 125 5 95
90 181 6 44
90 91 25 179
91 115 3 84
91 119 2 16
91 126 5 61
91 5 9 61
91 55 5 31
91 129 4 52
91 42 9 91
91 155 7 35
91 130 8 56
91 150 3 43
91 106 3 10
91 18 5 13
92 131 7 23
92 178 1 51
92 174 7 61
92 87 6 62
92 108 4 45
92 11 9 19
92 146 7 11
92 159 5 50
92 123 3 71
92 126 8 50
92 182 2 48
92 143 0 64
92 157 0 70
92 2 1 22
92 139 9 19
92 63 9 58
92 86 7 46
92 93 29 194
93 111 5 53
93 21 8 56
93 115 2 69
93 129 9 3
93 158 6 37
93 42 7 94
93 58 0 68
93 2 8 98
93 10 8 4
93 74 5 73
93 130 9 2
94 166 7 59
94 149 2 51
94 175 8 18
94 34 4 78
94 156 3 17
94 5 1 20
94 52 0 40
94 121 1 85
94 31 3 10
94 38 6 54
94 103 0 20
94 75 6 91
94 147 9 64
94 41 3 64
94 93 5 44
94 33 9 58
94 95 25 204
95 193 1 0
95 192 3 17
95 15 8 62
95 126 9 68
95 34 1 81
95 166 2 84
95 25 3 2
95 89 8 56
95 141 6 98
95 109 3 46
95 39 6 27
95 41 6 42
96 181 0 90
96 21 7 49
96 137 3 74
96 184 6 12
96 60 3 75
96 178 3 92
96 141 7 9
96 90 6 35
96 153 8 31
96 146 3 0
96 30 2 3
96 41 3 2
96 85 4 99
96 118 9 94
96 97 26 166
97 53 7 67
97 78 0 98
97 60 3 95
97 137 4 56
97 198 1 23
97 48 4 68
97 74 4 13
97 126 7 40
97 16 7 84
97 99 4 30
97 89 2 19
97 182 6 23
97 171 1 68
98 146 2 11
98 176 1 55
98 27 1 51
98 9 2 25
98 29 4 51
98 120 7 49
98 104 6 41
98 138 9 16
98 19 8 78
98 174 5 91
98 125 5 93
98 69 0 53
98 170 6 66
98 143 0 30
98 64 3 42
98 39 0 78
98 99 25 241
99 159 5 15
99 138 7 39
99 166 8 60
99 97 9 98
99 171 4 20
99 180 2 17
99 120 2 23
99 35 8 76
99 167 9 7
99 39 6 5
100 29 8 10
100 75 0 74
100 183 7 51
100 96 0 91
100 87 0 27
100 93 2 95
100 165 0 32
100 138 9 45
100 16 5 38
100 60 8 28
100 128 4 83
100 49 4 43
100 194 3 48
100 184 7 49
100 62 3 38
100 101 25 167
101 23 9 29
101 112 9 25
101 177 4 71
101 152 8 28
101 59 0 9
101 117 6 28
101 74 6 95
101 46 0 99
101 94 2 27
101 122 8 71
101 62 7 81
101 86 9 82
101 164 7 10
101 115 1 26
101 11 7 61
102 8 6 13
102 22 7 67
102 48 9 90
102 18 6 73
102 16 3 85
102 113 3 22
102 42 5 53
102 50 1 94
102 188 3 16
102 65 7 1
102 103 26 219
103 14 9 19
103 147 4 7
103 153 3 25
103 56 6 93
103 162 4 24
103 102 5 82
103 171 1 22
103 150 4 10
103 139 5 53
103 148 4 17
103 7 8 73
103 142 5 59
103 72 1 76
103 34 3 75
103 172 8 44
103 41 7 72
103 114 8 64
103 44 7 6
104 31 9 23
104 42 5 84
104 176 7 95
104 140 4 84
104 131 8 70
104 54 3 75
104 80 7 53
104 57 3 13
104 88 5 96
104 164 6 57
104 121 3 71
104 89 1 17
104 110 1 6
104 105 28 196
105 181 8 3
105 71 9 81
105 199 8 32
105 197 6 41
105 39 5 66
105 153 7 43
105 73 0 58
105 29 3 67
105 94 2 44
105 87 8 14
105 109 4 69
105 114 8 18
105 172 9 12
105 192 1 4
106 190 8 46
106 134 6 25
106 117 0 28
106 156 1 15
106 115 8 69
106 11 3 49
106 198 9 52
106 96 4 58
106 182 9 99
106 192 3 28
106 126 3 48
106 30 1 54
106 48 6 6
106 13 2 28
106 21 0 99
106 107 25 163
107 43 7 15
107 93 6 9
107 36 9 64
107 100 5 96
107 121 1 14
107 33 1 1
107 106 4 67
107 17 7 80
107 113 5 23
107 144 7 2
108 157 9 62
108 173 1 13
108 18 8 50
108 50 4 68
108 126 2 58
108 1 4 90
108 52 0 39
108 7 6 81
108 93 5 82
108 48 5 71
108 118 3 69
108 29 4 29
108 97 2 45
108 88 9 74
108 104 1 21
108 131 5 73
108 138 3 58
108 40 1 52
108 109 27 212
109 119 8 18
109 130 0 73
109 77 0 33
109 71 6 16
109 176 4 58
109 28 6 66
109 131 6 36
109 1 6 48
109 160 7 7
109 128 3 18
109 187 5 87
109 81 4 73
109 152 3 70
109 150 6 38
109 156 6 7
109 115 6 23
109 173 0 94
109 78 9 35
109 51 2 88
110 112 1 66
110 49 9 30
110 162 7 58
110 121 3 15
110 61 2 79
110 147 3 30
110 187 9 35
110 164 4 26
110 31 5 57
110 13 7 45
110 39 5 40
110 64 6 6
110 141 1 9
110 122 1 35
110 111 25 154
111 34 5 46
111 19 1 43
111 169 5 18
111 190 0 92
111 69 9 80
111 47 2 59
111 119 5 71
111 124 0 96
111 183 6 51
111 46 3 7
111 157 2 99
111 149 3 89
111 38 4 33
111 15 3 40
112 183 4 33
112 168 8 23
112 100 2 11
112 37 6 5
112 48 1 40
112 7 5 38
112 78 2 12
112 75 8 48
112 60 6 26
112 63 6 68
112 141 1 60
112 142 3 19
112 158 6 51
112 113 28 198
113 38 7 93
113 12 9 48
113 79 6 17
113 71 0 24
113 110 0 7
113 73 8 57
113 57 9 61
113 37 1 13
113 35 4 52
113 103 0 15
113 184 7 86
113 45 6 97
113 108 4 36
113 191 6 68
113 56 3 62
114 39 9 66
114 65 0 48
114 32 6 57
114 118 2 3
114 68 4 36
114 120 1 33
114 109 5 89
114 192 1 54
114 110 5 51
114 158 1 4
114 106 3 40
114 119 2 19
114 155 3 24
114 193 6 5
114 99 6 22
114 16 1 67
114 115 25 166
115 92 7 67
115 41 8 23
115 5 6 5
115 12 8 66
115 139 7 6
115 106 5 32
115 67 8 60
115 33 7 41
115 166 3 26
115 172 8 6
115 6 1 24
116 106 6 28
116 59 4 16
116 148 3 12
116 29 7 17
116 20 8 28
116 36 7 3
116 98 0 21
116 190 5 11
116 111 7 84
116 15 8 38
116 56 7 21
116 53 6 42
116 117 27 153
117 41 7 10
117 184 8 19
117 148 1 82
117 44 8 91
117 98 7 13
117 153 8 42
117 63 2 46
117 156 9 60
117 132 6 46
117 110 6 49
117 144 4 73
117 102 0 84
117 194 1 16
117 159 4 46
117 2 0 90
117 60 1 72
117 70 4 70
117 69 0 53
117 95 4 34
117 58 6 49
118 72 7 86
118 175 3 22
118 106 7 76
118 60 5 19
118 146 9 39
118 135 7 46
118 164 2 23
118 198 7 74
118 61 7 82
118 56 9 23
118 155 2 60
118 26 0 88
118 124 4 81
118 119 28 155
119 148 4 55
119 127 6 77
119 91 0 86
119 146 3 12
119 4 2 91
119 124 8 63
119 30 8 52
119 21 7 10
119 199 1 80
119 83 4 36
119 5 6 87
119 57 6 81
119 25 4 24
120 9 9 21
120 59 4 6
120 193 0 68
120 117 6 12
120 106 7 1
120 139 3 0
120 113 2 6
120 157 4 97
120 28 1 94
120 41 4 41
120 105 0 49
120 88 0 17
120 180 7 89
120 121 26 165
121 21 8 60
121 56 6 47
121 3 2 1
121 47 7 96
121 71 8 1
121 40 5 22
121 87 0 75
121 61 0 5
121 138 7 32
121 60 4 52
121 51 2 48
122 170 9 62
122 111 2 16
122 88 3 3
122 69 9 28
122 52 8 42
122 184 0 16
122 42 2 92
122 43 9 80
122 116 0 23
122 53 8 80
122 133 0 18
122 70 1 88
122 123 27 248
123 178 1 0
123 52 8 96
123 172 5 67
123 91 5 0
123 13 5 28
123 120 6 20
123 78 1 80
123 31 5 98
123 27 8 49
123 139 4 75
123 152 8 70
123 20 5 95
123 100 7 61
123 155 9 57
123 106 6 8
123 7 7 82
123 53 9 22
123 98 1 8
124 135 5 72
124 17 1 72
124 134 4 16
124 68 9 86
124 75 8 41
124 156 6 54
124 138 0 67
124 39 6 0
124 118 3 88
124 159 1 26
124 54 1 53
124 65 1 95
124 7 1 49
124 11 1 75
124 52 3 78
124 178 7 97
124 125 26 211
125 141 6 26
125 143 3 94
125 31 8 2
125 174 2 72
125 117 1 2
125 2 0 48
125 129 5 23
125 27 0 26
125 135 1 51
125 62 6 19
125 173 1 68
125 103 2 37
125 59 9 5
125 146 9 47
125 14 2 30
126 112 4 16
126 183 8 83
126 6 4 81
126 0 4 2
126 199 8 44
126 46 8 18
126 82 0 74
126 2 8 38
126 184 5 25
126 189 7 59
126 56 2 50
126 97 5 92
126 111 9 92
126 27 2 88
126 86 2 35
126 127 26 150
127 65 0 38
127 121 5 38
127 152 0 99
127 101 2 1
127 187 2 80
127 73 8 16
127 125 3 38
127 164 6 32
127 11 9 72
127 32 7 5
127 120 9 67
127 140 2 99
127 78 8 75
127 163 1 6
127 87 5 58
127 27 0 15
127 184 2 76
127 124 9 88
128 3 0 4
128 55 0 32
128 130 3 23
128 15 6 77
128 30 3 83
128 172 1 0
128 12 6 12
128 168 1 2
128 100 4 8
128 76 3 1
128 89 2 73
128 93 9 75
128 77 0 99
128 57 3 62
128 23 8 58
128 184 7 44
128 129 25 191
129 99 1 62
129 67 4 69
129 92 9 76
129 38 3 50
129 60 9 68
129 39 3 18
129 126 6 13
129 179 1 31
130 142 8 41
130 65 0 63
130 138 0 91
130 71 4 4
130 102 7 8
130 117 9 93
130 47 5 52
130 158 7 45
130 141 1 93
130 89 7 18
130 52 5 91
130 88 2 75
130 179 7 34
130 74 1 40
130 131 25 165
131 21 5 63
131 184 4 44
131 135 4 14
131 174 4 2
131 158 5 99
131 49 2 20
131 44 7 95
131 107 6 45
131 164 2 10
131 100 2 12
131 120 7 49
131 130 9 39
131 59 6 25
131 159 8 92
132 188 4 63
132 72 5 1
132 197 4 12
132 15 4 68
132 9 3 54
132 158 7 13
132 106 2 87
132 38 1 23
132 154 3 30
132 55 0 45
132 20 3 23
132 175 2 19
132 133 26 178
133 1 3 85
133 6 7 40
133 60 8 45
133 153 0 26
133 79 4 80
133 32 9 13
133 137 6 43
133 198 8 58
133 178 8 24
133 199 3 92
133 27 6 58
133 123 5 35
133 11 6 45
133 105 8 17
133 21 7 35
134 79 5 13
134 3 6 58
134 148 3 4
134 125 9 9
134 161 9 21
134 122 9 27
134 70 7 42
134 28 0 32
134 119 5 7
134 129 8 29
134 50 5 61
134 118 8 30
134 197 1 57
134 107 8 65
134 124 8 47
134 16 5 68
134 135 25 223
135 92 6 30
135 57 0 56
135 151 5 62
135 111 6 77
135 75 6 80
135 21 8 92
135 146 7 35
135 51 9 52
135 34 6 3
135 104 4 68
135 24 2 18
135 126 7 94
135 195 2 3
136 38 1 96
136 159 6 78
136 77 8 47
136 43 5 78
136 193 1 31
136 70 4 82
136 118 6 98
136 65 7 41
136 155 3 30
136 61 2 39
136 15 4 45
136 99 4 92
136 141 5 6
136 158 6 11
136 137 27 189
137 39 0 56
137 83 7 80
137 182 3 6
137 90 7 30
137 10 2 41
137 190 0 48
137 192 0 42
137 52 2 30
137 54 2 23
137 12 2 62
137 197 4 17
137 91 9 85
138 46 6 77
138 107 2 76
138 73 1 16
138 36 5 9
138 86 6 82
138 1 4 41
138 90 2 27
138 20 0 21
138 164 2 52
138 57 0 89
138 166 7 65
138 0 7 62
138 14 4 41
138 186 0 40
138 123 2 49
138 13 0 88
138 125 8 83
138 139 26 174
139 115 7 66
139 128 0 28
139 160 3 21
139 131 2 75
139 94 5 91
139 183 9 90
139 39 1 67
139 194 9 1
139 108 0 47
140 198 0 27
140 117 4 57
140 169 6 73
140 195 6 93
140 166 3 33
140 105 1 60
140 20 9 14
140 194 0 46
140 158 3 82
140 167 5 54
140 141 29 242
141 12 1 21
141 19 5 82
141 101 3 14
141 84 6 81
141 128 9 60
141 152 8 85
141 145 0 30
141 127 1 82
141 164 3 8
141 144 4 89
142 127 0 84
142 166 4 87
142 26 1 92
142 42 6 19
142 136 5 45
142 182 7 35
142 23 8 17
142 96 1 28
142 183 8 39
142 28 2 37
142 44 6 87
142 195 8 97
142 100 7 35
142 79 8 81
142 154 8 6
142 119 0 31
142 57 9 31
142 31 5 18
142 168 6 30
142 143 28 172
143 158 9 22
143 149 8 78
143 120 8 1
143 45 8 98
143 60 1 34
143 184 9 11
143 162 9 72
143 76 7 52
143 22 1 88
143 173 7 66
143 37 1 29
143 5 8 57
143 9 9 36
143 79 4 72
144 9 8 43
144 72 7 11
144 184 7 33
144 71 3 0
144 131 5 33
144 198 7 97
144 2 2 52
144 128 4 54
144 134 9 56
144 115 3 14
144 4 0 1
144 145 25 201
145 75 4 60
145 135 1 57
145 35 1 13
145 95 2 21
145 110 3 59
145 83 2 74
145 164 4 97
145 114 7 82
145 93 0 74
146 14 0 37
146 29 1 69
146 67 4 48
146 78 9 86
146 145 3 79
146 197 0 58
146 109 1 49
146 102 2 61
146 153 2 40
146 26 8 39
146 48 2 6
146 176 8 19
146 129 2 29
146 168 5 63
146 161 4 42
146 147 28 225
147 76 0 24
147 66 9 38
147 109 1 14
147 191 1 64
147 99 5 25
147 1 1 22
147 18 2 69
147 129 5 90
147 145 6 7
147 2 6 21
147 26 9 22
147 164 8 63
147 69 3 79
147 158 2 76
147 101 0 24
147 60 1 95
147 179 3 43
148 75 1 97
148 182 0 3
148 59 1 47
148 118 5 41
148 142 5 34
148 189 7 29
148 185 9 50
148 178 4 71
148 84 8 30
148 181 2 52
148 83 4 97
148 107 3 52
148 100 7 68
148 90 9 73
148 85 2 98
148 50 4 26
148 149 27 231
149 52 7 42
149 33 2 45
149 98 5 78
149 48 6 78
149 55 2 63
149 23 1 54
149 190 2 36
149 16 8 9
149 72 9 93
149 186 2 71
149 163 4 64
149 155 1 6
149 71 0 56
150 143 5 95
150 25 8 24
150 3 7 38
150 85 1 42
150 48 0 49
150 154 7 89
150 176 0 22
150 16 4 98
150 11 5 93
150 148 5 95
150 13 4 89
150 174 1 96
150 156 1 98
150 96 1 48
150 110 0 78
150 151 26 183
151 37 1 42
151 103 3 16
151 24 1 19
151 176 8 77
151 27 2 87
151 39 8 46
151 59 8 12
151 44 2 20
151 99 5 91
151 48 6 8
151 184 6 28
151 30 7 26
151 194 4 68
151 167 5 47
151 111 9 82
151 31 8 59
151 198 1 17
151 186 2 33
151 95 6 41
151 123 8 9
152 170 1 10
152 70 2 11
152 73 8 32
152 32 6 6
152 134 0 86
152 176 5 74
152 124 8 74
152 105 2 94
152 13 9 5
152 187 8 25
152 148 0 63
152 62 7 23
152 88 5 87
152 97 5 96
152 80 4 44
152 181 9 12
152 153 28 202
153 160 3 52
153 147 0 52
153 157 6 58
153 22 0 37
153 26 2 40
153 178 7 11
153 198 8 85
153 150 5 61
153 9 9 70
153 14 9 84
153 199 7 10
153 158 1 82
153 80 1 52
153 142 1 95
154 82 0 6
154 169 2 28
154 3 4 48
154 31 5 6
154 72 1 27
154 20 9 85
154 141 5 67
154 127 4 46
154 133 4 11
154 109 0 36
154 115 2 78
154 155 29 220
155 31 5 28
155 157 4 48
155 186 3 94
155 142 7 4
155 119 8 98
155 190 7 12
155 43 0 17
155 71 8 20
155 184 1 35
155 123 5 21
155 87 7 12
155 25 5 47
155 77 5 33
155 167 3 67
156 199 1 90
156 108 2 57
156 115 3 72
156 26 8 24
156 101 7 29
156 144 3 39
156 152 8 36
156 124 7 57
156 134 2 95
156 56 0 58
156 9 9 64
156 32 7 68
156 25 9 8
156 114 5 45
156 46 2 47
156 157 25 229
157 43 6 82
157 130 2 71
157 121 2 42
157 104 9 55
157 143 8 15
157 8 0 32
157 39 2 74
157 20 6 15
157 172 8 28
157 10 5 99
157 125 1 55
157 92 0 18
157 11 2 49
158 182 3 21
158 147 8 2
158 97 0 67
158 177 6 9
158 188 7 71
158 90 6 60
158 179 9 21
158 172 3 62
158 93 2 0
158 73 6 79
158 9 3 88
158 71 3 47
158 142 3 33
158 103 3 22
158 76 2 95
158 25 5 98
158 139 8 58
158 7 3 94
158 30 7 95
158 69 2 92
158 159 28 175
159 127 2 79
159 114 2 67
159 147 5 6
159 27 3 65
159 128 1 86
159 65 5 77
159 19 3 34
159 50 0 9
159 28 4 17
159 45 6 48
159 139 1 66
159 16 9 50
159 47 8 30
159 170 3 14
160 195 0 15
160 33 2 35
160 117 8 57
160 101 2 39
160 74 8 61
160 55 9 66
160 148 8 17
160 171 6 5
160 10 3 25
160 120 4 26
160 82 9 9
160 15 4 76
160 190 1 59
160 161 27 210
161 104 3 29
161 169 2 95
161 73 5 84
161 97 3 99
161 145 0 28
161 66 1 15
161 95 9 10
161 31 8 4
161 61 5 56
161 83 6 90
161 135 3 56
161 2 4 38
162 126 2 55
162 160 0 15
162 75 8 18
162 31 6 75
162 167 9 9
162 158 3 58
162 100 5 68
162 78 8 33
162 17 6 47
162 72 8 60
162 87 4 93
162 80 9 61
162 99 2 80
162 113 1 44
162 132 8 90
162 191 0 65
162 198 2 99
162 179 7 13
162 53 3 77
162 125 8 48
162 163 26 187
163 194 2 32
163 138 6 45
163 75 3 96
163 88 4 37
163 124 8 78
163 141 1 47
163 161 3 53
163 54 5 14
163 32 5 76
164 72 8 16
164 120 6 14
164 174 8 65
164 135 7 96
164 140 1 3
164 106 5 8
164 12 4 81
164 109 7 11
164 76 1 29
164 136 2 28
164 158 8 43
164 84 7 83
164 13 1 2
164 71 4 61
164 165 28 210
165 179 7 76
165 148 0 13
165 130 0 30
165 72 0 99
165 107 8 0
165 70 6 6
165 111 7 59
165 94 9 8
165 100 5 15
165 5 7 83
165 57 9 0
165 78 1 48
165 136 9 97
165 157 1 24
165 24 1 5
165 64 4 31
165 31 1 61
165 60 7 49
166 151 9 20
166 185 5 50
166 127 7 71
166 1 8 78
166 178 7 66
166 150 2 32
166 5 9 58
166 107 8 75
166 144 3 81
166 72 7 18
166 138 8 20
166 122 0 40
166 167 29 170
167 99 7 35
167 119 1 29
167 128 2 53
167 6 4 2
167 75 7 2
167 62 8 86
167 43 6 50
167 97 2 80
167 59 5 28
167 52 4 64
167 121 6 72
167 157 6 52
167 189 9 82
168 172 5 34
168 100 4 21
168 105 2 31
168 72 1 78
168 129 4 96
168 198 3 28
168 81 9 62
168 29 3 53
168 146 0 41
168 169 25 181
169 62 0 16
169 168 1 85
169 165 0 26
169 27 5 37
169 76 3 40
169 15 1 22
169 100 3 49
169 119 5 24
169 154 9 45
169 145 5 43
169 55 7 99
170 140 9 57
170 124 3 18
170 86 0 95
170 82 7 87
170 56 1 26
170 168 6 63
170 24 5 3
170 72 6 98
170 12 8 53
170 77 4 94
170 103 2 42
170 38 9 55
170 43 9 17
170 186 8 10
170 182 1 14
170 171 26 194
171 197 8 12
171 190 3 97
171 124 9 88
171 160 5 7
171 22 2 92
171 110 7 78
171 111 1 49
171 43 2 64
171 157 0 92
171 189 1 3
171 6 9 92
171 155 9 64
171 145 2 68
172 50 7 31
172 53 1 96
172 158 2 40
172 21 1 19
172 65 6 61
172 129 9 98
172 27 6 40
172 195 6 77
172 69 8 48
172 161 8 55
172 45 3 68
172 93 4 27
172 57 5 50
172 87 8 7
172 9 4 83
172 12 5 7
172 175 2 95
172 108 0 93
172 173 25 232
173 39 2 91
173 77 7 64
173 164 5 38
173 176 7 59
173 68 2 36
173 190 5 10
173 154 0 95
173 11 9 10
173 155 6 41
173 71 5 20
173 109 3 6
174 164 1 4
174 37 0 7
174 188 1 52
174 136 3 6
174 129 0 37
174 101 2 80
174 184 0 11
174 89 7 93
174 84 7 61
174 121 8 63
174 154 4 77
174 64 0 8
174 158 3 41
174 26 3 74
174 175 29 221
175 46 0 89
175 120 0 91
175 35 0 8
175 128 1 18
175 141 5 46
175 191 9 36
175 98 2 69
175 59 6 19
175 55 5 79
176 124 9 40
176 191 6 7
176 145 9 34
176 169 6 69
176 157 1 86
176 181 0 74
176 99 1 1
176 25 6 2
176 18 3 38
176 7 2 35
176 28 9 96
176 133 4 55
176 154 4 43
176 177 29 169
177 170 0 13
177 85 5 63
177 39 8 92
177 93 2 22
177 124 7 6
177 66 1 7
177 27 7 46
177 159 7 96
177 158 7 58
177 67 2 73
177 131 2 31
177 23 7 95
177 98 4 23
177 104 0 14
177 11 9 73
177 57 8 24
177 129 4 97
177 171 3 74
177 151 4 78
177 134 9 47
177 81 7 41
177 122 5 93
178 172 4 15
178 116 6 37
178 170 9 93
178 41 5 84
178 147 7 82
178 124 7 73
178 92 6 81
178 61 0 24
178 127 1 48
178 130 4 33
178 48 5 96
178 163 3 72
178 96 0 63
178 6 2 23
178 73 3 54
178 50 9 85
178 21 9 68
178 69 9 92
178 179 27 206
179 23 0 60
179 165 4 60
179 124 2 81
179 173 3 35
179 181 5 30
179 78 8 52
179 91 6 47
179 103 6 82
179 154 8 51
179 35 6 88
179 192 4 86
179 153 8 1
179 29 8 51
179 136 2 12
179 87 9 90
180 68 5 77
180 197 8 91
180 40 9 2
180 37 1 37
180 149 0 48
180 32 7 29
180 109 6 19
180 100 2 54
180 49 4 85
180 175 3 52
180 139 6 18
180 160 0 69
180 72 4 48
180 142 3 14
180 181 27 207
181 35 8 72
181 188 4 71
181 193 0 91
181 172 3 18
181 145 6 93
181 151 4 50
181 53 3 47
181 167 5 56
181 152 7 67
181 103 6 59
181 166 0 39
181 27 2 98
181 81 8 5
181 186 1 1
182 29 2 97
182 60 0 4
182 71 6 95
182 127 2 32
182 194 2 34
182 45 6 17
182 51 2 59
182 1 5 60
182 5 9 90
182 120 3 90
182 138 6 24
182 149 8 36
182 134 1 93
182 141 7 52
182 32 0 3
182 106 5 34
182 4 1 57
182 183 29 232
183 98 1 15
183 0 8 41
183 130 1 47
183 7 7 37
183 12 8 58
183 89 3 28
183 73 6 65
183 171 8 76
183 118 8 96
183 72 0 88
183 83 1 23
183 2 2 66
183 67 4 74
183 186 6 73
183 61 6 71
183 194 9 94
184 114 7 96
184 192 3 22
184 57 3 99
184 193 3 94
184 66 4 21
184 61 5 69
184 135 2 62
184 75 8 39
184 69 4 27
184 165 7 45
184 35 7 77
184 0 2 5
184 21 8 97
184 30 2 20
184 170 3 46
184 49 9 84
184 185 29 216
185 113 3 81
185 93 3 85
185 82 1 73
185 118 1 93
185 65 6 47
185 35 7 50
185 194 2 79
185 10 3 48
185 61 9 55
185 73 4 56
186 68 3 95
186 74 0 79
186 130 1 28
186 137 1 15
186 82 7 16
186 170 8 94
186 107 8 23
186 15 3 98
186 44 3 70
186 59 6 25
186 24 8 98
186 26 0 28
186 171 9 56
186 2 0 83
186 48 4 63
186 43 7 41
186 123 0 21
186 187 28 161
187 160 4 85
187 44 3 38
187 141 1 13
187 122 3 77
187 98 0 65
187 57 4 35
187 11 6 51
187 88 9 39
187 176 6 96
187 197 9 0
187 148 3 77
187 84 3 29
187 150 0 35
187 37 1 64
188 17 3 18
188 18 3 88
188 57 1 93
188 167 7 61
188 93 4 45
188 76 7 4
188 116 6 17
188 110 1 62
188 172 5 47
188 157 2 25
188 154 5 30
188 137 9 56
188 159 4 97
188 126 6 90
188 89 8 85
188 189 28 181
189 135 6 68
189 163 8 34
189 30 7 14
189 147 2 43
189 56 9 5
189 25 3 57
189 131 8 9
189 80 3 69
189 199 9 10
189 116 5 21
189 87 9 96
189 59 6 18
189 13 6 88
189 75 2 57
190 181 8 27
190 24 3 2
190 33 6 98
190 184 5 54
190 38 5 77
190 67 5 78
190 3 7 18
190 182 5 15
190 166 7 36
190 84 6 93
190 138 9 51
190 90 4 81
190 65 7 14
190 191 29 222
191 182 8 14
191 196 1 34
191 83 7 90
191 19 9 14
191 119 7 36
191 6 3 46
191 145 1 27
191 168 5 74
191 31 9 40
191 143 1 13
191 106 8 94
191 100 6 93
191 76 4 63
191 10 3 35
192 10 3 14
192 96 7 94
192 88 8 1
192 101 4 26
192 67 8 88
192 21 9 12
192 157 0 88
192 185 4 58
192 193 29 191
193 173 8 5
193 32 2 87
193 92 4 73
193 159 1 31
193 12 5 16
193 86 3 36
193 133 6 42
193 45 6 61
193 14 8 25
193 149 1 48
193 17 6 87
193 108 4 66
194 21 0 74
194 146 8 67
194 136 7 41
194 129 2 7
194 60 3 7
194 6 3 50
194 54 2 26
194 93 4 27
194 155 2 43
194 48 6 43
194 49 7 1
194 66 6 79
194 42 6 75
194 4 7 42
194 57 5 86
194 140 0 90
194 195 29 220
195 72 2 11
195 188 1 54
195 174 6 5
195 41 4 1
195 168 2 86
195 184 5 78
195 116 5 99
195 95 7 48
195 0 7 4
195 68 0 92
195 37 4 66
195 79 5 72
195 187 6 19
195 3 8 41
196 31 8 22
196 123 1 16
196 105 4 98
196 40 3 32
196 149 0 16
196 87 5 36
196 93 1 84
196 183 3 1
196 140 8 66
196 190 8 71
196 139 5 50
196 100 3 62
196 173 8 94
196 75 1 22
196 150 0 79
196 197 25 247
197 99 3 34
197 0 6 86
197 128 3 46
197 185 2 43
197 81 9 68
197 42 0 32
197 28 2 10
197 115 5 51
197 69 0 78
197 113 4 10
197 125 1 83
197 71 8 63
197 121 2 64
197 52 7 68
197 162 9 26
198 0 4 13
198 76 0 39
198 64 2 46
198 73 2 12
198 31 5 54
198 52 9 63
198 30 1 97
198 59 8 18
198 10 6 81
198 17 9 64
198 72 1 15
198 164 3 40
198 25 6 95
198 19 7 38
198 87 7 90
198 199 27 177
199 123 1 5
199 194 2 37
199 153 0 24
199 100 3 79
199 164 1 4
199 11 7 38
199 168 6 38
199 19 1 57
199 37 7 31
199 26 1 43
199 150 3 46
199 181 0 78
199 185 1 60

