12 10
1.0 1.0 1.0 1.0 1.0 1.0 1.0 1.0 1.0 1.0
10.0 8.0 1.0 -1.0 -1.0 -4.0 5.0 4.0 -1.0 4.0 4.0 -1.0
1.0 1.0 1.0 1.0 1.0 1.0 1.0 1.0 1.0 1.0
2.0 4.0 -1.0 0.0 0.0 0.0 0.0 2.0 2.0 2.0
1.0 0.0 0.0 -0.5 0.0 0.0 0.0 0.0 0.0 0.0
0.0 0.0 0.0 0.0 -1.0 0.0 0.0 0.0 0.0 0.5
-1.0 0.0 0.0 0.0 0.0 0.0 0.0 0.0 0.0 -1.0
0.0 0.0 0.0 -1.0 0.0 -1.0 0.0 0.0 0.0 0.0
0.0 0.0 0.0 0.0 0.0 1.0 0.0 0.0 1.0 0.0
1.0 0.0 0.0 0.0 0.0 1.0 0.0 1.0 0.0 1.0
0.0 1.0 0.0 0.0 0.0 0.0 -1.0 0.0 0.0 -1.0
1.0 1.0 1.0 1.0 1.0 0.0 0.0 0.0 0.0 0.0
0.0 0.0 0.0 0.0 0.0 1.0 1.0 1.0 1.0 0.0
-1.0 0.0 0.0 0.0 0.0 0.0 -1.0 0.0 1.0 0.0
